-2.113655328750610352e+00 -5.834766626358032227e-01 5.001049041748046875e-01 0.000000000000000000e+00 0.000000000000000000e+00 1.000000000000000000e+00
3.465246438980102539e+00 -3.256142377853393555e+00 -3.413567304611206055e+00 1.000000000000000000e+00 0.000000000000000000e+00 0.000000000000000000e+00
-3.151258945465087891e+00 2.860970973968505859e+00 -2.396064519882202148e+00 0.000000000000000000e+00 1.000000000000000000e+00 0.000000000000000000e+00
-2.479221582412719727e+00 8.187555074691772461e-01 3.408017754554748535e-01 0.000000000000000000e+00 0.000000000000000000e+00 1.000000000000000000e+00
-2.104209661483764648e+00 1.838396549224853516e+00 -2.939289994537830353e-02 0.000000000000000000e+00 1.000000000000000000e+00 1.000000000000000000e+00
2.017932653427124023e+00 -1.906860470771789551e+00 -2.930378198623657227e+00 0.000000000000000000e+00 1.000000000000000000e+00 0.000000000000000000e+00
-1.856502413749694824e+00 1.022522330284118652e+00 -6.079999804496765137e-01 0.000000000000000000e+00 1.000000000000000000e+00 1.000000000000000000e+00
-2.726636886596679688e+00 2.566103935241699219e+00 -1.672275543212890625e+00 0.000000000000000000e+00 1.000000000000000000e+00 0.000000000000000000e+00
-4.283672332763671875e+00 1.381950855255126953e+00 5.263712406158447266e+00 0.000000000000000000e+00 1.000000000000000000e+00 1.000000000000000000e+00
2.234222650527954102e+00 -2.198571443557739258e+00 -2.630062341690063477e+00 1.000000000000000000e+00 0.000000000000000000e+00 0.000000000000000000e+00
-2.431422233581542969e+00 -4.753355085849761963e-01 3.073751926422119141e+00 0.000000000000000000e+00 0.000000000000000000e+00 1.000000000000000000e+00
7.142823338508605957e-01 -1.499894499778747559e+00 -1.593666434288024902e+00 1.000000000000000000e+00 0.000000000000000000e+00 0.000000000000000000e+00
-7.110868096351623535e-01 -5.105792284011840820e-01 6.016889810562133789e-01 0.000000000000000000e+00 1.000000000000000000e+00 1.000000000000000000e+00
-1.897310972213745117e+00 1.090040087699890137e+00 7.837493419647216797e-01 0.000000000000000000e+00 1.000000000000000000e+00 1.000000000000000000e+00
4.458223283290863037e-01 -7.589248418807983398e-01 -2.592972755432128906e+00 1.000000000000000000e+00 0.000000000000000000e+00 0.000000000000000000e+00
1.384029150009155273e+00 -1.380092978477478027e+00 -2.497780561447143555e+00 0.000000000000000000e+00 1.000000000000000000e+00 0.000000000000000000e+00
5.041778683662414551e-01 -1.064745306968688965e+00 -1.662699818611145020e+00 1.000000000000000000e+00 0.000000000000000000e+00 0.000000000000000000e+00
-3.869167268276214600e-01 -1.343208789825439453e+00 2.060846567153930664e+00 1.000000000000000000e+00 0.000000000000000000e+00 1.000000000000000000e+00
-2.232182502746582031e+00 -4.836462438106536865e-01 1.043204069137573242e+00 0.000000000000000000e+00 0.000000000000000000e+00 1.000000000000000000e+00
-3.853869915008544922e+00 5.517888814210891724e-02 7.113335132598876953e+00 0.000000000000000000e+00 1.000000000000000000e+00 1.000000000000000000e+00
-2.427591800689697266e+00 8.175195455551147461e-01 3.174959659576416016e+00 1.000000000000000000e+00 1.000000000000000000e+00 1.000000000000000000e+00
-7.810457348823547363e-01 1.216297507286071777e+00 -2.127091169357299805e+00 1.000000000000000000e+00 1.000000000000000000e+00 0.000000000000000000e+00
1.185586690902709961e+00 -1.754017949104309082e+00 -2.430311441421508789e+00 1.000000000000000000e+00 0.000000000000000000e+00 0.000000000000000000e+00
-1.174966931343078613e+00 1.024888753890991211e-01 4.159362316131591797e-01 1.000000000000000000e+00 0.000000000000000000e+00 1.000000000000000000e+00
3.771587371826171875e+00 -3.373570680618286133e+00 -3.487930536270141602e+00 1.000000000000000000e+00 0.000000000000000000e+00 0.000000000000000000e+00
3.716416060924530029e-01 -1.533516645431518555e+00 -1.827199220657348633e+00 1.000000000000000000e+00 0.000000000000000000e+00 0.000000000000000000e+00
-2.101629734039306641e+00 1.376164704561233521e-01 7.682525515556335449e-01 0.000000000000000000e+00 0.000000000000000000e+00 1.000000000000000000e+00
-3.407600402832031250e+00 2.623949527740478516e+00 3.988771200180053711e+00 0.000000000000000000e+00 1.000000000000000000e+00 1.000000000000000000e+00
-2.038301706314086914e+00 6.479696035385131836e-01 -1.218228697776794434e+00 0.000000000000000000e+00 1.000000000000000000e+00 0.000000000000000000e+00
3.524763107299804688e+00 -3.375288009643554688e+00 -3.783662796020507812e+00 1.000000000000000000e+00 0.000000000000000000e+00 0.000000000000000000e+00
3.253403663635253906e+00 -3.089280843734741211e+00 -3.895462751388549805e+00 1.000000000000000000e+00 0.000000000000000000e+00 0.000000000000000000e+00
1.981407403945922852e+00 -2.025968074798583984e+00 -3.003534317016601562e+00 1.000000000000000000e+00 0.000000000000000000e+00 0.000000000000000000e+00
-2.387838602066040039e+00 -8.752460479736328125e-01 2.037337064743041992e+00 0.000000000000000000e+00 0.000000000000000000e+00 1.000000000000000000e+00
2.689160585403442383e+00 -2.594867229461669922e+00 -3.071288824081420898e+00 1.000000000000000000e+00 0.000000000000000000e+00 0.000000000000000000e+00
-2.559496402740478516e+00 1.472575306892395020e+00 1.564015448093414307e-01 0.000000000000000000e+00 1.000000000000000000e+00 1.000000000000000000e+00
-3.997627735137939453e+00 2.955052614212036133e+00 -1.466528654098510742e+00 0.000000000000000000e+00 1.000000000000000000e+00 0.000000000000000000e+00
-3.648239612579345703e+00 2.231493473052978516e+00 2.447515249252319336e+00 0.000000000000000000e+00 1.000000000000000000e+00 0.000000000000000000e+00
2.832516193389892578e+00 -2.865377187728881836e+00 -3.416035175323486328e+00 1.000000000000000000e+00 0.000000000000000000e+00 0.000000000000000000e+00
-2.936080455780029297e+00 2.474408864974975586e+00 1.987708210945129395e+00 0.000000000000000000e+00 1.000000000000000000e+00 1.000000000000000000e+00
-4.583927631378173828e+00 2.812037467956542969e+00 2.113230228424072266e+00 0.000000000000000000e+00 0.000000000000000000e+00 1.000000000000000000e+00
2.683521270751953125e+00 -2.486280679702758789e+00 -2.899601697921752930e+00 1.000000000000000000e+00 0.000000000000000000e+00 0.000000000000000000e+00
-1.853503346443176270e+00 9.458912611007690430e-01 -1.628828763961791992e+00 0.000000000000000000e+00 1.000000000000000000e+00 0.000000000000000000e+00
-4.419140338897705078e+00 5.278139114379882812e+00 7.432306408882141113e-01 1.000000000000000000e+00 1.000000000000000000e+00 1.000000000000000000e+00
3.823964595794677734e+00 -3.655204296112060547e+00 -4.005955219268798828e+00 1.000000000000000000e+00 0.000000000000000000e+00 0.000000000000000000e+00
-2.971865177154541016e+00 3.157094478607177734e+00 -1.340234875679016113e+00 0.000000000000000000e+00 1.000000000000000000e+00 0.000000000000000000e+00
-2.799777030944824219e+00 -4.798770248889923096e-01 2.391862630844116211e+00 0.000000000000000000e+00 0.000000000000000000e+00 1.000000000000000000e+00
2.047236919403076172e+00 -1.884855628013610840e+00 -2.176152944564819336e+00 1.000000000000000000e+00 0.000000000000000000e+00 0.000000000000000000e+00
-2.154569864273071289e+00 2.525304079055786133e+00 -7.778735831379890442e-03 0.000000000000000000e+00 1.000000000000000000e+00 1.000000000000000000e+00
-2.099258184432983398e+00 7.263814210891723633e-01 -2.633159048855304718e-02 0.000000000000000000e+00 1.000000000000000000e+00 0.000000000000000000e+00
1.804717063903808594e+00 -2.118460655212402344e+00 -2.497308731079101562e+00 0.000000000000000000e+00 1.000000000000000000e+00 0.000000000000000000e+00
-2.560598850250244141e+00 2.113717645406723022e-01 1.269398570060729980e+00 0.000000000000000000e+00 0.000000000000000000e+00 1.000000000000000000e+00
-4.374278068542480469e+00 2.874496459960937500e+00 3.674540519714355469e+00 0.000000000000000000e+00 1.000000000000000000e+00 1.000000000000000000e+00
2.540766239166259766e+00 -2.366832733154296875e+00 -3.179009199142456055e+00 1.000000000000000000e+00 0.000000000000000000e+00 0.000000000000000000e+00
-1.674156427383422852e+00 -2.830784022808074951e-01 5.690968990325927734e+00 1.000000000000000000e+00 1.000000000000000000e+00 1.000000000000000000e+00
-1.815182089805603027e+00 -9.230924844741821289e-01 1.717891216278076172e+00 0.000000000000000000e+00 0.000000000000000000e+00 1.000000000000000000e+00
7.301048934459686279e-02 -9.474035501480102539e-01 -1.231589436531066895e+00 1.000000000000000000e+00 0.000000000000000000e+00 0.000000000000000000e+00
-6.564951539039611816e-01 6.298550367355346680e-01 -2.389610052108764648e+00 0.000000000000000000e+00 1.000000000000000000e+00 0.000000000000000000e+00
3.822216272354125977e+00 -3.463209629058837891e+00 -3.772479295730590820e+00 1.000000000000000000e+00 0.000000000000000000e+00 0.000000000000000000e+00
-1.612537503242492676e+00 -2.594485878944396973e-01 5.228803157806396484e-01 0.000000000000000000e+00 0.000000000000000000e+00 1.000000000000000000e+00
-2.182926654815673828e+00 2.553504705429077148e-02 9.066815972328186035e-01 0.000000000000000000e+00 1.000000000000000000e+00 0.000000000000000000e+00
-1.964765906333923340e+00 1.476464629173278809e+00 -2.367487668991088867e+00 0.000000000000000000e+00 1.000000000000000000e+00 0.000000000000000000e+00
2.228733539581298828e+00 -2.148525953292846680e+00 -2.367135286331176758e+00 1.000000000000000000e+00 0.000000000000000000e+00 0.000000000000000000e+00
1.481962084770202637e+00 -1.687270283699035645e+00 -2.191134929656982422e+00 1.000000000000000000e+00 0.000000000000000000e+00 0.000000000000000000e+00
-2.958927392959594727e+00 1.480741262435913086e+00 1.321876645088195801e+00 0.000000000000000000e+00 1.000000000000000000e+00 1.000000000000000000e+00
-2.495230674743652344e+00 2.027451992034912109e+00 -4.943973720073699951e-01 0.000000000000000000e+00 1.000000000000000000e+00 0.000000000000000000e+00
-4.609050273895263672e+00 4.364537239074707031e+00 7.170162796974182129e-01 0.000000000000000000e+00 1.000000000000000000e+00 1.000000000000000000e+00
3.838579654693603516e+00 -3.657971858978271484e+00 -4.660035133361816406e+00 1.000000000000000000e+00 0.000000000000000000e+00 0.000000000000000000e+00
-2.916884422302246094e+00 -4.418279975652694702e-03 2.089934587478637695e+00 0.000000000000000000e+00 0.000000000000000000e+00 1.000000000000000000e+00
-4.263348579406738281e+00 4.686768531799316406e+00 1.240953922271728516e+00 0.000000000000000000e+00 1.000000000000000000e+00 1.000000000000000000e+00
1.971063375473022461e+00 -2.305416345596313477e+00 -2.688963890075683594e+00 1.000000000000000000e+00 0.000000000000000000e+00 0.000000000000000000e+00
-2.886582851409912109e+00 2.317615747451782227e-01 4.199437618255615234e+00 0.000000000000000000e+00 1.000000000000000000e+00 1.000000000000000000e+00
3.573355436325073242e+00 -3.782658100128173828e+00 -3.730301141738891602e+00 1.000000000000000000e+00 0.000000000000000000e+00 0.000000000000000000e+00
2.773751318454742432e-01 -1.602659583091735840e+00 1.399986296892166138e-01 0.000000000000000000e+00 0.000000000000000000e+00 1.000000000000000000e+00
-4.359945774078369141e+00 1.227322816848754883e+00 4.875196933746337891e+00 0.000000000000000000e+00 0.000000000000000000e+00 1.000000000000000000e+00
-1.790540099143981934e+00 -1.441935300827026367e+00 3.861459970474243164e+00 0.000000000000000000e+00 0.000000000000000000e+00 1.000000000000000000e+00
4.223556041717529297e+00 -4.016952991485595703e+00 -4.326239585876464844e+00 1.000000000000000000e+00 0.000000000000000000e+00 0.000000000000000000e+00
-5.279247760772705078e+00 2.596662044525146484e+00 6.320457935333251953e+00 0.000000000000000000e+00 0.000000000000000000e+00 1.000000000000000000e+00
-3.337678909301757812e+00 6.780081987380981445e-01 1.917950391769409180e+00 0.000000000000000000e+00 0.000000000000000000e+00 1.000000000000000000e+00
4.165501594543457031e+00 -3.863594293594360352e+00 -4.530097961425781250e+00 1.000000000000000000e+00 0.000000000000000000e+00 0.000000000000000000e+00
3.804162502288818359e+00 -3.669372320175170898e+00 -4.096136569976806641e+00 1.000000000000000000e+00 0.000000000000000000e+00 0.000000000000000000e+00
2.819452881813049316e-01 -1.300199985504150391e+00 -8.263365030288696289e-01 1.000000000000000000e+00 0.000000000000000000e+00 0.000000000000000000e+00
-2.887510776519775391e+00 9.098335504531860352e-01 4.535961627960205078e+00 0.000000000000000000e+00 1.000000000000000000e+00 1.000000000000000000e+00
-1.034072160720825195e+00 -1.004137098789215088e-01 -1.238845586776733398e+00 0.000000000000000000e+00 1.000000000000000000e+00 0.000000000000000000e+00
-3.073482990264892578e+00 1.278851866722106934e+00 2.805937528610229492e+00 0.000000000000000000e+00 1.000000000000000000e+00 1.000000000000000000e+00
-5.126361846923828125e-01 -1.318671584129333496e+00 1.753039956092834473e+00 0.000000000000000000e+00 0.000000000000000000e+00 1.000000000000000000e+00
-4.236133575439453125e+00 5.609597206115722656e+00 -2.412904024124145508e+00 0.000000000000000000e+00 1.000000000000000000e+00 0.000000000000000000e+00
-4.722107350826263428e-01 -7.616167068481445312e-01 -7.896814495325088501e-02 0.000000000000000000e+00 1.000000000000000000e+00 0.000000000000000000e+00
4.036365985870361328e+00 -3.834545850753784180e+00 -3.973173379898071289e+00 1.000000000000000000e+00 0.000000000000000000e+00 0.000000000000000000e+00
2.495366096496582031e+00 -2.584156990051269531e+00 -2.708428859710693359e+00 1.000000000000000000e+00 0.000000000000000000e+00 0.000000000000000000e+00
2.024058341979980469e+00 -1.906975269317626953e+00 -1.950713992118835449e+00 1.000000000000000000e+00 0.000000000000000000e+00 0.000000000000000000e+00
-4.098531723022460938e+00 1.232730507850646973e+00 2.395638465881347656e+00 0.000000000000000000e+00 0.000000000000000000e+00 1.000000000000000000e+00
3.591556549072265625e+00 -3.240305900573730469e+00 -3.392417669296264648e+00 1.000000000000000000e+00 0.000000000000000000e+00 0.000000000000000000e+00
-2.411873817443847656e+00 1.159966230392456055e+00 -2.638014853000640869e-01 0.000000000000000000e+00 1.000000000000000000e+00 0.000000000000000000e+00
-4.503885746002197266e+00 4.368152618408203125e+00 1.752575337886810303e-01 0.000000000000000000e+00 1.000000000000000000e+00 1.000000000000000000e+00
-1.980777025222778320e+00 2.332557439804077148e+00 -1.970623850822448730e+00 0.000000000000000000e+00 1.000000000000000000e+00 0.000000000000000000e+00
-3.157444715499877930e+00 2.177851438522338867e+00 1.521710634231567383e+00 0.000000000000000000e+00 1.000000000000000000e+00 1.000000000000000000e+00
5.077674984931945801e-01 -1.086313605308532715e+00 -1.760398864746093750e+00 1.000000000000000000e+00 0.000000000000000000e+00 0.000000000000000000e+00
2.057547569274902344e+00 -2.528939247131347656e+00 -2.971842050552368164e+00 1.000000000000000000e+00 0.000000000000000000e+00 0.000000000000000000e+00
2.776617288589477539e+00 -2.473666906356811523e+00 -3.092818021774291992e+00 1.000000000000000000e+00 0.000000000000000000e+00 0.000000000000000000e+00
1.739301443099975586e+00 -1.694929122924804688e+00 -1.862452864646911621e+00 1.000000000000000000e+00 0.000000000000000000e+00 0.000000000000000000e+00
-5.071360468864440918e-01 -4.448053538799285889e-01 1.020733475685119629e+00 0.000000000000000000e+00 1.000000000000000000e+00 0.000000000000000000e+00
-3.282362461090087891e+00 2.753291845321655273e+00 2.146734476089477539e+00 0.000000000000000000e+00 1.000000000000000000e+00 1.000000000000000000e+00
1.664446115493774414e+00 -1.936471223831176758e+00 -2.564110994338989258e+00 1.000000000000000000e+00 0.000000000000000000e+00 0.000000000000000000e+00
2.416259050369262695e+00 -2.347373008728027344e+00 -2.455543756484985352e+00 1.000000000000000000e+00 0.000000000000000000e+00 0.000000000000000000e+00
1.084279537200927734e+00 -8.723165988922119141e-01 -2.875636339187622070e+00 1.000000000000000000e+00 0.000000000000000000e+00 0.000000000000000000e+00
-1.387319684028625488e+00 -8.956816196441650391e-01 3.411569595336914062e-01 0.000000000000000000e+00 0.000000000000000000e+00 1.000000000000000000e+00
-6.225228309631347656e-01 -6.182721853256225586e-01 -1.097221016883850098e+00 0.000000000000000000e+00 1.000000000000000000e+00 0.000000000000000000e+00
-2.160316705703735352e+00 1.513895750045776367e+00 -8.503546714782714844e-01 0.000000000000000000e+00 1.000000000000000000e+00 0.000000000000000000e+00
-2.713413953781127930e+00 4.358530044555664062e+00 -1.188047766685485840e+00 0.000000000000000000e+00 1.000000000000000000e+00 1.000000000000000000e+00
2.728092193603515625e+00 -3.011212110519409180e+00 -2.890954256057739258e+00 1.000000000000000000e+00 0.000000000000000000e+00 0.000000000000000000e+00
3.609813213348388672e+00 -3.297410964965820312e+00 -3.973641633987426758e+00 1.000000000000000000e+00 0.000000000000000000e+00 0.000000000000000000e+00
2.623252868652343750e+00 -2.710889101028442383e+00 -2.806462526321411133e+00 1.000000000000000000e+00 0.000000000000000000e+00 0.000000000000000000e+00
1.833686590194702148e+00 -2.175403356552124023e+00 -3.151167392730712891e+00 1.000000000000000000e+00 0.000000000000000000e+00 0.000000000000000000e+00
-2.456787586212158203e+00 9.356263875961303711e-01 3.748209178447723389e-01 0.000000000000000000e+00 1.000000000000000000e+00 1.000000000000000000e+00
-2.865942418575286865e-01 1.110472917556762695e+00 -2.773403882980346680e+00 0.000000000000000000e+00 1.000000000000000000e+00 0.000000000000000000e+00
1.148828983306884766e+00 -1.950478911399841309e+00 -1.971985697746276855e+00 1.000000000000000000e+00 0.000000000000000000e+00 0.000000000000000000e+00
-3.749742269515991211e+00 3.772720098495483398e+00 -3.319679796695709229e-01 0.000000000000000000e+00 1.000000000000000000e+00 1.000000000000000000e+00
1.616396546363830566e+00 -2.088475942611694336e+00 -1.534716129302978516e+00 1.000000000000000000e+00 0.000000000000000000e+00 0.000000000000000000e+00
-1.111675500869750977e+00 -2.215511798858642578e-01 1.415083646774291992e+00 0.000000000000000000e+00 1.000000000000000000e+00 1.000000000000000000e+00
-7.317095398902893066e-01 -1.583173632621765137e+00 9.213708639144897461e-01 0.000000000000000000e+00 0.000000000000000000e+00 1.000000000000000000e+00
-7.040109634399414062e-01 7.722529172897338867e-01 -2.252049922943115234e+00 1.000000000000000000e+00 1.000000000000000000e+00 0.000000000000000000e+00
-1.288902401924133301e+00 -6.484159231185913086e-01 7.894811630249023438e-01 0.000000000000000000e+00 0.000000000000000000e+00 1.000000000000000000e+00
-1.312310934066772461e+00 6.723638772964477539e-01 -1.857338666915893555e+00 0.000000000000000000e+00 1.000000000000000000e+00 0.000000000000000000e+00
-3.959653973579406738e-01 -5.786712169647216797e-01 -3.047597110271453857e-01 1.000000000000000000e+00 0.000000000000000000e+00 0.000000000000000000e+00
-2.345733642578125000e+00 -5.967135429382324219e-01 3.705158948898315430e+00 0.000000000000000000e+00 1.000000000000000000e+00 1.000000000000000000e+00
3.241535663604736328e+00 -3.187490701675415039e+00 -3.360288143157958984e+00 1.000000000000000000e+00 0.000000000000000000e+00 0.000000000000000000e+00
1.661270141601562500e+00 -1.750662446022033691e+00 -1.986678719520568848e+00 1.000000000000000000e+00 0.000000000000000000e+00 0.000000000000000000e+00
3.006559848785400391e+00 -3.066710710525512695e+00 -3.366683721542358398e+00 1.000000000000000000e+00 0.000000000000000000e+00 0.000000000000000000e+00
-1.882606625556945801e+00 -7.726072072982788086e-01 2.038466691970825195e+00 0.000000000000000000e+00 0.000000000000000000e+00 1.000000000000000000e+00
1.985485553741455078e+00 -2.176212549209594727e+00 -1.712470769882202148e+00 1.000000000000000000e+00 0.000000000000000000e+00 0.000000000000000000e+00
-2.920859336853027344e+00 2.714236676692962646e-01 1.566600561141967773e+00 0.000000000000000000e+00 0.000000000000000000e+00 1.000000000000000000e+00
-2.580167055130004883e+00 3.985919952392578125e-01 1.701059579849243164e+00 0.000000000000000000e+00 1.000000000000000000e+00 1.000000000000000000e+00
-3.011145830154418945e+00 1.684362292289733887e+00 -1.005233407020568848e+00 0.000000000000000000e+00 1.000000000000000000e+00 0.000000000000000000e+00
7.220278680324554443e-02 -1.301855921745300293e+00 -4.125845432281494141e-01 0.000000000000000000e+00 0.000000000000000000e+00 1.000000000000000000e+00
2.070330381393432617e+00 -2.361282110214233398e+00 -2.734998941421508789e+00 1.000000000000000000e+00 0.000000000000000000e+00 0.000000000000000000e+00
-2.603682994842529297e+00 1.682427167892456055e+00 -1.368153214454650879e+00 0.000000000000000000e+00 1.000000000000000000e+00 0.000000000000000000e+00
3.948261260986328125e+00 -3.768595933914184570e+00 -3.833355903625488281e+00 1.000000000000000000e+00 0.000000000000000000e+00 0.000000000000000000e+00
-6.570434570312500000e-02 -7.831312417984008789e-01 -9.341659545898437500e-01 1.000000000000000000e+00 0.000000000000000000e+00 0.000000000000000000e+00
-4.808404743671417236e-01 -6.871362924575805664e-01 2.306749820709228516e+00 0.000000000000000000e+00 1.000000000000000000e+00 1.000000000000000000e+00
-2.733774662017822266e+00 -5.761044025421142578e-01 3.329820632934570312e+00 0.000000000000000000e+00 0.000000000000000000e+00 1.000000000000000000e+00
1.433561682701110840e+00 -2.004853963851928711e+00 -1.771642088890075684e+00 1.000000000000000000e+00 0.000000000000000000e+00 0.000000000000000000e+00
-2.289104461669921875e+00 -8.756496906280517578e-01 4.726216316223144531e+00 0.000000000000000000e+00 0.000000000000000000e+00 1.000000000000000000e+00
3.805968463420867920e-01 -1.489183306694030762e+00 5.868047475814819336e-01 1.000000000000000000e+00 0.000000000000000000e+00 1.000000000000000000e+00
-2.200165987014770508e+00 6.568229198455810547e-01 -1.235881745815277100e-01 0.000000000000000000e+00 0.000000000000000000e+00 1.000000000000000000e+00
3.653614282608032227e+00 -3.550325155258178711e+00 -3.906100273132324219e+00 1.000000000000000000e+00 0.000000000000000000e+00 0.000000000000000000e+00
-3.708469867706298828e+00 1.532236218452453613e+00 1.442455410957336426e+00 0.000000000000000000e+00 1.000000000000000000e+00 0.000000000000000000e+00
-1.331986546516418457e+00 3.115212917327880859e-01 3.569954872131347656e+00 1.000000000000000000e+00 1.000000000000000000e+00 1.000000000000000000e+00
1.589902877807617188e+00 -2.035459756851196289e+00 -2.342107057571411133e+00 1.000000000000000000e+00 0.000000000000000000e+00 0.000000000000000000e+00
-3.468131422996520996e-01 -1.964895486831665039e+00 1.486787557601928711e+00 1.000000000000000000e+00 0.000000000000000000e+00 1.000000000000000000e+00
-1.720516920089721680e+00 -1.677877426147460938e+00 1.454543709754943848e+00 0.000000000000000000e+00 0.000000000000000000e+00 1.000000000000000000e+00
-4.331699609756469727e-01 3.874944746494293213e-01 -1.233432769775390625e+00 1.000000000000000000e+00 0.000000000000000000e+00 0.000000000000000000e+00
-3.944400072097778320e+00 8.883367776870727539e-01 4.237738609313964844e+00 0.000000000000000000e+00 1.000000000000000000e+00 1.000000000000000000e+00
-2.499834537506103516e+00 -2.349517047405242920e-01 8.576723337173461914e-01 0.000000000000000000e+00 0.000000000000000000e+00 1.000000000000000000e+00
-1.249423265457153320e+00 -5.965881347656250000e-01 3.913375735282897949e-01 0.000000000000000000e+00 0.000000000000000000e+00 1.000000000000000000e+00
3.880063533782958984e+00 -3.751442193984985352e+00 -3.741799831390380859e+00 1.000000000000000000e+00 0.000000000000000000e+00 0.000000000000000000e+00
4.598273038864135742e-01 -1.109170556068420410e+00 -1.274795174598693848e+00 1.000000000000000000e+00 0.000000000000000000e+00 0.000000000000000000e+00
-5.783218860626220703e+00 3.618180990219116211e+00 4.814067363739013672e+00 0.000000000000000000e+00 1.000000000000000000e+00 1.000000000000000000e+00
2.741853475570678711e+00 -2.808810234069824219e+00 -3.490427255630493164e+00 1.000000000000000000e+00 0.000000000000000000e+00 0.000000000000000000e+00
2.432506561279296875e+00 -2.298030138015747070e+00 -2.477681875228881836e+00 1.000000000000000000e+00 0.000000000000000000e+00 0.000000000000000000e+00
2.544364452362060547e+00 -2.322904825210571289e+00 -2.999583005905151367e+00 1.000000000000000000e+00 0.000000000000000000e+00 0.000000000000000000e+00
-1.185383081436157227e+00 -7.300033569335937500e-01 7.619909644126892090e-01 0.000000000000000000e+00 0.000000000000000000e+00 1.000000000000000000e+00
-1.019660234451293945e+00 -2.292297184467315674e-01 1.980385541915893555e+00 0.000000000000000000e+00 1.000000000000000000e+00 1.000000000000000000e+00
-3.351177692413330078e+00 2.144086360931396484e+00 2.996622025966644287e-01 0.000000000000000000e+00 1.000000000000000000e+00 0.000000000000000000e+00
-1.130217790603637695e+00 1.527850508689880371e+00 -2.047023296356201172e+00 0.000000000000000000e+00 1.000000000000000000e+00 0.000000000000000000e+00
-2.238081693649291992e-01 -1.036041736602783203e+00 -2.053632400929927826e-02 1.000000000000000000e+00 0.000000000000000000e+00 1.000000000000000000e+00
1.040505766868591309e+00 -1.234510302543640137e+00 -3.146857023239135742e+00 0.000000000000000000e+00 1.000000000000000000e+00 0.000000000000000000e+00
-1.658285379409790039e+00 -5.234982967376708984e-01 1.767580389976501465e+00 0.000000000000000000e+00 1.000000000000000000e+00 1.000000000000000000e+00
1.406086325645446777e+00 -2.089343547821044922e+00 -2.566073179244995117e+00 1.000000000000000000e+00 0.000000000000000000e+00 0.000000000000000000e+00
-1.365596890449523926e+00 -6.768478155136108398e-01 1.063319325447082520e+00 0.000000000000000000e+00 1.000000000000000000e+00 1.000000000000000000e+00
6.831290125846862793e-01 -6.068683862686157227e-01 -2.500603914260864258e+00 0.000000000000000000e+00 1.000000000000000000e+00 0.000000000000000000e+00
1.305663138628005981e-01 -9.581364393234252930e-01 -1.080448508262634277e+00 1.000000000000000000e+00 0.000000000000000000e+00 0.000000000000000000e+00
-2.132550954818725586e+00 3.569057285785675049e-01 -8.599030375480651855e-01 0.000000000000000000e+00 1.000000000000000000e+00 0.000000000000000000e+00
-2.873733043670654297e+00 -4.383707344532012939e-01 4.582713603973388672e+00 0.000000000000000000e+00 0.000000000000000000e+00 1.000000000000000000e+00
2.791123628616333008e+00 -3.065836668014526367e+00 -2.840939998626708984e+00 1.000000000000000000e+00 0.000000000000000000e+00 0.000000000000000000e+00
-1.043786764144897461e+00 -1.593161821365356445e-01 -9.677429497241973877e-02 0.000000000000000000e+00 1.000000000000000000e+00 1.000000000000000000e+00
-3.801627635955810547e+00 6.409726142883300781e-01 4.852838993072509766e+00 0.000000000000000000e+00 1.000000000000000000e+00 1.000000000000000000e+00
-2.374513149261474609e+00 -4.946471750736236572e-01 1.045325040817260742e+00 0.000000000000000000e+00 0.000000000000000000e+00 1.000000000000000000e+00
-5.763582587242126465e-01 -4.191223680973052979e-01 -8.992165923118591309e-01 1.000000000000000000e+00 0.000000000000000000e+00 0.000000000000000000e+00
-3.051328182220458984e+00 3.447027206420898438e-01 1.062145709991455078e+00 0.000000000000000000e+00 0.000000000000000000e+00 1.000000000000000000e+00
1.721686840057373047e+00 -1.565253973007202148e+00 -2.038200378417968750e+00 1.000000000000000000e+00 0.000000000000000000e+00 0.000000000000000000e+00
-1.419336795806884766e+00 3.424216270446777344e+00 -1.351463079452514648e+00 0.000000000000000000e+00 1.000000000000000000e+00 0.000000000000000000e+00
-2.904340505599975586e+00 3.911062180995941162e-01 2.101132154464721680e+00 0.000000000000000000e+00 0.000000000000000000e+00 1.000000000000000000e+00
3.528282642364501953e+00 -3.169293165206909180e+00 -3.575175523757934570e+00 1.000000000000000000e+00 0.000000000000000000e+00 0.000000000000000000e+00
6.796774864196777344e-01 -1.818893671035766602e+00 -1.657336950302124023e+00 0.000000000000000000e+00 1.000000000000000000e+00 0.000000000000000000e+00
-2.622913122177124023e+00 5.031245231628417969e+00 -7.061124444007873535e-01 0.000000000000000000e+00 1.000000000000000000e+00 1.000000000000000000e+00
-1.431506276130676270e+00 1.302705287933349609e+00 -1.602572679519653320e+00 0.000000000000000000e+00 1.000000000000000000e+00 0.000000000000000000e+00
-2.443771362304687500e+00 1.487565159797668457e+00 -1.148706793785095215e+00 0.000000000000000000e+00 1.000000000000000000e+00 0.000000000000000000e+00
-7.676041126251220703e-01 -4.213742911815643311e-01 -9.694499373435974121e-01 0.000000000000000000e+00 1.000000000000000000e+00 0.000000000000000000e+00
-2.361174345016479492e+00 4.772567749023437500e-01 1.436192512512207031e+00 0.000000000000000000e+00 1.000000000000000000e+00 1.000000000000000000e+00
-2.494656085968017578e+00 2.400496244430541992e+00 9.491936564445495605e-01 0.000000000000000000e+00 1.000000000000000000e+00 1.000000000000000000e+00
-2.873254537582397461e+00 1.548376441001892090e+00 -2.566487491130828857e-01 0.000000000000000000e+00 1.000000000000000000e+00 0.000000000000000000e+00
4.080769062042236328e+00 -3.814203262329101562e+00 -4.326005935668945312e+00 1.000000000000000000e+00 0.000000000000000000e+00 0.000000000000000000e+00
1.440824151039123535e+00 -1.892965555191040039e+00 -1.925636053085327148e+00 1.000000000000000000e+00 0.000000000000000000e+00 0.000000000000000000e+00
4.037575721740722656e+00 -3.899692296981811523e+00 -4.398568630218505859e+00 1.000000000000000000e+00 0.000000000000000000e+00 0.000000000000000000e+00
-3.342951297760009766e+00 1.240188926458358765e-01 5.871344089508056641e+00 0.000000000000000000e+00 1.000000000000000000e+00 1.000000000000000000e+00
-1.569918990135192871e+00 -7.117791175842285156e-01 2.845443248748779297e+00 0.000000000000000000e+00 0.000000000000000000e+00 1.000000000000000000e+00
-7.765218019485473633e-01 -6.599312275648117065e-02 2.227414101362228394e-01 0.000000000000000000e+00 0.000000000000000000e+00 1.000000000000000000e+00
3.862378358840942383e+00 -3.561100482940673828e+00 -3.907338380813598633e+00 1.000000000000000000e+00 0.000000000000000000e+00 0.000000000000000000e+00
-3.411647319793701172e+00 2.401047706604003906e+00 2.073582410812377930e+00 0.000000000000000000e+00 1.000000000000000000e+00 1.000000000000000000e+00
-2.350846678018569946e-01 8.663220703601837158e-02 -1.430559754371643066e+00 0.000000000000000000e+00 1.000000000000000000e+00 0.000000000000000000e+00
1.060947418212890625e+00 -1.333773016929626465e+00 -1.702030777931213379e+00 1.000000000000000000e+00 0.000000000000000000e+00 0.000000000000000000e+00
-1.906757593154907227e+00 -2.227529883384704590e-02 2.673622369766235352e+00 0.000000000000000000e+00 1.000000000000000000e+00 1.000000000000000000e+00
-2.196613326668739319e-02 -1.347311615943908691e+00 4.204587936401367188e-01 0.000000000000000000e+00 0.000000000000000000e+00 1.000000000000000000e+00
2.001438140869140625e+00 -1.837228178977966309e+00 -2.848416090011596680e+00 1.000000000000000000e+00 0.000000000000000000e+00 0.000000000000000000e+00
-1.939269304275512695e+00 -4.162490665912628174e-01 1.124682068824768066e+00 0.000000000000000000e+00 0.000000000000000000e+00 1.000000000000000000e+00
-2.500266730785369873e-01 -1.342563629150390625e+00 -9.681562185287475586e-01 1.000000000000000000e+00 0.000000000000000000e+00 0.000000000000000000e+00
-2.577854871749877930e+00 1.535556435585021973e+00 -1.358621716499328613e+00 0.000000000000000000e+00 1.000000000000000000e+00 0.000000000000000000e+00
-2.107897520065307617e+00 1.968316555023193359e+00 -6.764165163040161133e-01 0.000000000000000000e+00 1.000000000000000000e+00 1.000000000000000000e+00
-3.762881278991699219e+00 9.933207035064697266e-01 4.826843738555908203e+00 0.000000000000000000e+00 1.000000000000000000e+00 1.000000000000000000e+00
-1.910874962806701660e+00 1.081818938255310059e+00 -9.481951594352722168e-01 0.000000000000000000e+00 1.000000000000000000e+00 0.000000000000000000e+00
1.732113599777221680e+00 -1.823599576950073242e+00 -2.056713819503784180e+00 1.000000000000000000e+00 0.000000000000000000e+00 0.000000000000000000e+00
3.568747282028198242e+00 -3.283138990402221680e+00 -3.730926990509033203e+00 1.000000000000000000e+00 0.000000000000000000e+00 0.000000000000000000e+00
-2.542355537414550781e+00 -7.550296783447265625e-01 3.674556255340576172e+00 0.000000000000000000e+00 0.000000000000000000e+00 1.000000000000000000e+00
-1.462252616882324219e+00 -3.640516102313995361e-01 8.302626013755798340e-01 0.000000000000000000e+00 0.000000000000000000e+00 1.000000000000000000e+00
4.312892854213714600e-01 -1.142359852790832520e+00 -1.177621722221374512e+00 1.000000000000000000e+00 0.000000000000000000e+00 0.000000000000000000e+00
-2.441027879714965820e+00 2.199374735355377197e-01 1.101070880889892578e+00 0.000000000000000000e+00 1.000000000000000000e+00 1.000000000000000000e+00
1.333780050277709961e+00 -1.620695471763610840e+00 -1.588683724403381348e+00 1.000000000000000000e+00 0.000000000000000000e+00 0.000000000000000000e+00
-2.573206186294555664e+00 -2.530583441257476807e-01 1.685692310333251953e+00 0.000000000000000000e+00 0.000000000000000000e+00 1.000000000000000000e+00
-3.902200222015380859e+00 1.638690471649169922e+00 3.245365858078002930e+00 0.000000000000000000e+00 1.000000000000000000e+00 1.000000000000000000e+00
-2.926193237304687500e+00 2.768679141998291016e+00 -1.981352925300598145e+00 0.000000000000000000e+00 1.000000000000000000e+00 0.000000000000000000e+00
6.521144509315490723e-01 -1.285041689872741699e+00 -1.318584799766540527e+00 1.000000000000000000e+00 0.000000000000000000e+00 0.000000000000000000e+00
1.506606578826904297e+00 -1.817568659782409668e+00 -1.145769715309143066e+00 1.000000000000000000e+00 0.000000000000000000e+00 0.000000000000000000e+00
-2.271451473236083984e+00 1.071339368820190430e+00 4.231093406677246094e+00 0.000000000000000000e+00 1.000000000000000000e+00 1.000000000000000000e+00
2.972581624984741211e+00 -3.014417409896850586e+00 -3.344726085662841797e+00 1.000000000000000000e+00 0.000000000000000000e+00 0.000000000000000000e+00
3.551160812377929688e+00 -3.348089456558227539e+00 -3.805321931838989258e+00 1.000000000000000000e+00 0.000000000000000000e+00 0.000000000000000000e+00
-2.034793615341186523e+00 9.773588180541992188e-01 9.341140389442443848e-01 0.000000000000000000e+00 1.000000000000000000e+00 1.000000000000000000e+00
-6.003543734550476074e-01 -8.239852190017700195e-01 6.249109506607055664e-01 0.000000000000000000e+00 0.000000000000000000e+00 1.000000000000000000e+00
1.009591579437255859e+00 -1.514214396476745605e+00 -2.195260286331176758e+00 1.000000000000000000e+00 0.000000000000000000e+00 0.000000000000000000e+00
2.502068996429443359e+00 -2.623450040817260742e+00 -3.043035984039306641e+00 1.000000000000000000e+00 0.000000000000000000e+00 0.000000000000000000e+00
3.752230167388916016e+00 -3.625684738159179688e+00 -3.827190160751342773e+00 1.000000000000000000e+00 0.000000000000000000e+00 0.000000000000000000e+00
-2.460551500320434570e+00 3.876798391342163086e+00 5.818480253219604492e-01 0.000000000000000000e+00 1.000000000000000000e+00 1.000000000000000000e+00
4.167816162109375000e+00 -3.759636163711547852e+00 -3.976740598678588867e+00 1.000000000000000000e+00 0.000000000000000000e+00 0.000000000000000000e+00
-3.010636329650878906e+00 -5.999873876571655273e-01 4.136342048645019531e+00 0.000000000000000000e+00 0.000000000000000000e+00 1.000000000000000000e+00
-1.831929802894592285e+00 -6.938656568527221680e-01 5.307592391967773438e+00 0.000000000000000000e+00 0.000000000000000000e+00 1.000000000000000000e+00
-2.576146125793457031e+00 2.154218196868896484e+00 6.210116669535636902e-03 0.000000000000000000e+00 1.000000000000000000e+00 0.000000000000000000e+00
5.014350414276123047e-01 -1.544821739196777344e+00 -1.399895548820495605e-01 0.000000000000000000e+00 0.000000000000000000e+00 1.000000000000000000e+00
-1.067581892013549805e+00 -7.649406194686889648e-01 1.478822469711303711e+00 0.000000000000000000e+00 1.000000000000000000e+00 1.000000000000000000e+00
-8.948767185211181641e-01 1.124987751245498657e-01 -9.239361882209777832e-01 0.000000000000000000e+00 1.000000000000000000e+00 0.000000000000000000e+00
1.116446971893310547e+00 -1.705125570297241211e+00 -1.657388806343078613e+00 1.000000000000000000e+00 0.000000000000000000e+00 0.000000000000000000e+00
2.104302167892456055e+00 -1.988261103630065918e+00 -2.469647645950317383e+00 1.000000000000000000e+00 0.000000000000000000e+00 0.000000000000000000e+00
-3.432477951049804688e+00 1.990353703498840332e+00 3.609286069869995117e+00 0.000000000000000000e+00 1.000000000000000000e+00 1.000000000000000000e+00
3.650444746017456055e+00 -3.472845315933227539e+00 -4.034108161926269531e+00 1.000000000000000000e+00 0.000000000000000000e+00 0.000000000000000000e+00
2.484125196933746338e-01 -3.800984621047973633e-01 -1.652745842933654785e+00 1.000000000000000000e+00 0.000000000000000000e+00 0.000000000000000000e+00
2.034530639648437500e+00 -2.085332155227661133e+00 -2.029295921325683594e+00 1.000000000000000000e+00 0.000000000000000000e+00 0.000000000000000000e+00
-2.038120746612548828e+00 -2.865756452083587646e-01 2.170794248580932617e+00 0.000000000000000000e+00 0.000000000000000000e+00 1.000000000000000000e+00
-7.816754579544067383e-01 5.185050964355468750e-01 -4.839861094951629639e-01 1.000000000000000000e+00 0.000000000000000000e+00 0.000000000000000000e+00
1.304824113845825195e+00 -1.696241140365600586e+00 -2.443771123886108398e+00 1.000000000000000000e+00 0.000000000000000000e+00 0.000000000000000000e+00
-3.442342042922973633e+00 2.251945495605468750e+00 6.231731176376342773e-01 0.000000000000000000e+00 1.000000000000000000e+00 1.000000000000000000e+00
-2.892247200012207031e+00 1.553171575069427490e-01 1.145148992538452148e+00 0.000000000000000000e+00 0.000000000000000000e+00 1.000000000000000000e+00
-3.006447076797485352e+00 3.167775154113769531e+00 9.281283020973205566e-01 1.000000000000000000e+00 1.000000000000000000e+00 1.000000000000000000e+00
-1.254856586456298828e+00 -8.524249792098999023e-01 8.856538534164428711e-01 0.000000000000000000e+00 0.000000000000000000e+00 1.000000000000000000e+00
1.279184937477111816e+00 -1.814323067665100098e+00 -2.114928245544433594e+00 1.000000000000000000e+00 0.000000000000000000e+00 0.000000000000000000e+00
4.078100621700286865e-01 -8.616756647825241089e-02 -1.703650951385498047e+00 1.000000000000000000e+00 0.000000000000000000e+00 0.000000000000000000e+00
-2.911323785781860352e+00 5.667282342910766602e-01 2.612224340438842773e+00 0.000000000000000000e+00 1.000000000000000000e+00 1.000000000000000000e+00
3.389189481735229492e+00 -3.552023649215698242e+00 -4.107623577117919922e+00 1.000000000000000000e+00 0.000000000000000000e+00 0.000000000000000000e+00
4.010058879852294922e+00 -3.736659765243530273e+00 -3.880995512008666992e+00 1.000000000000000000e+00 0.000000000000000000e+00 0.000000000000000000e+00
-2.353669166564941406e+00 -7.796709537506103516e-01 1.667155146598815918e+00 0.000000000000000000e+00 0.000000000000000000e+00 1.000000000000000000e+00
-2.179177761077880859e+00 9.270757436752319336e-01 -1.025152564048767090e+00 0.000000000000000000e+00 1.000000000000000000e+00 0.000000000000000000e+00
3.162315368652343750e+00 -3.420170307159423828e+00 -3.607429504394531250e+00 1.000000000000000000e+00 0.000000000000000000e+00 0.000000000000000000e+00
-2.176167964935302734e+00 -7.250748872756958008e-01 3.659378528594970703e+00 1.000000000000000000e+00 0.000000000000000000e+00 1.000000000000000000e+00
3.759913682937622070e+00 -3.377811193466186523e+00 -3.554958105087280273e+00 1.000000000000000000e+00 0.000000000000000000e+00 0.000000000000000000e+00
4.758370816707611084e-01 -1.295703291893005371e+00 -1.282196283340454102e+00 1.000000000000000000e+00 0.000000000000000000e+00 0.000000000000000000e+00
1.238938808441162109e+00 -1.911295056343078613e+00 -1.706249594688415527e+00 1.000000000000000000e+00 0.000000000000000000e+00 0.000000000000000000e+00
1.881892204284667969e+00 -2.439744710922241211e+00 -2.404803037643432617e+00 1.000000000000000000e+00 0.000000000000000000e+00 0.000000000000000000e+00
-9.112948775291442871e-01 -4.036737978458404541e-01 -7.485785484313964844e-01 0.000000000000000000e+00 0.000000000000000000e+00 1.000000000000000000e+00
-2.225698709487915039e+00 3.718169212341308594e+00 3.109621703624725342e-01 0.000000000000000000e+00 1.000000000000000000e+00 1.000000000000000000e+00
3.834635734558105469e+00 -3.757853031158447266e+00 -4.426342010498046875e+00 1.000000000000000000e+00 0.000000000000000000e+00 0.000000000000000000e+00
-2.112352252006530762e-01 1.987960338592529297e-01 -2.735658407211303711e+00 0.000000000000000000e+00 1.000000000000000000e+00 0.000000000000000000e+00
3.065578699111938477e+00 -3.080833196640014648e+00 -3.147605657577514648e+00 1.000000000000000000e+00 0.000000000000000000e+00 0.000000000000000000e+00
2.359634399414062500e+00 -2.277849435806274414e+00 -2.654693841934204102e+00 1.000000000000000000e+00 0.000000000000000000e+00 0.000000000000000000e+00
-9.829189181327819824e-01 -1.507236719131469727e+00 2.239042520523071289e+00 1.000000000000000000e+00 0.000000000000000000e+00 1.000000000000000000e+00
1.799907922744750977e+00 -1.854426383972167969e+00 -2.125578880310058594e+00 1.000000000000000000e+00 0.000000000000000000e+00 0.000000000000000000e+00
2.967782735824584961e+00 -3.042003870010375977e+00 -3.104607343673706055e+00 1.000000000000000000e+00 0.000000000000000000e+00 0.000000000000000000e+00
-4.666481494903564453e+00 1.957797169685363770e+00 4.023502826690673828e+00 0.000000000000000000e+00 1.000000000000000000e+00 1.000000000000000000e+00
3.458734989166259766e+00 -3.247038841247558594e+00 -3.707658052444458008e+00 1.000000000000000000e+00 0.000000000000000000e+00 0.000000000000000000e+00
3.694532394409179688e+00 -3.332808256149291992e+00 -3.617687940597534180e+00 1.000000000000000000e+00 0.000000000000000000e+00 0.000000000000000000e+00
3.159162998199462891e+00 -2.837126016616821289e+00 -3.155116319656372070e+00 1.000000000000000000e+00 0.000000000000000000e+00 0.000000000000000000e+00
3.884107828140258789e+00 -3.669101953506469727e+00 -3.785112142562866211e+00 1.000000000000000000e+00 0.000000000000000000e+00 0.000000000000000000e+00
2.933502197265625000e+00 -2.940247774124145508e+00 -2.885385751724243164e+00 1.000000000000000000e+00 0.000000000000000000e+00 0.000000000000000000e+00
1.894171237945556641e-01 -2.812847614288330078e+00 -3.952837288379669189e-01 0.000000000000000000e+00 0.000000000000000000e+00 1.000000000000000000e+00
-2.016379356384277344e+00 2.397768020629882812e+00 -2.771396875381469727e+00 0.000000000000000000e+00 1.000000000000000000e+00 0.000000000000000000e+00
-1.485303401947021484e+00 -4.307102262973785400e-01 -2.261958420276641846e-01 0.000000000000000000e+00 1.000000000000000000e+00 0.000000000000000000e+00
-1.735248088836669922e+00 -2.920651733875274658e-01 2.874430894851684570e+00 0.000000000000000000e+00 1.000000000000000000e+00 1.000000000000000000e+00
1.408650279045104980e-01 -1.078452229499816895e+00 8.413699269294738770e-01 0.000000000000000000e+00 0.000000000000000000e+00 1.000000000000000000e+00
-2.094584465026855469e+00 1.875728249549865723e+00 2.977145612239837646e-01 1.000000000000000000e+00 1.000000000000000000e+00 0.000000000000000000e+00
-2.623801231384277344e+00 3.602466583251953125e-01 1.157717585563659668e+00 0.000000000000000000e+00 1.000000000000000000e+00 0.000000000000000000e+00
-1.814280986785888672e+00 -6.642422676086425781e-01 1.549058079719543457e+00 0.000000000000000000e+00 0.000000000000000000e+00 1.000000000000000000e+00
-3.325450897216796875e+00 7.233377695083618164e-01 2.631876230239868164e+00 0.000000000000000000e+00 1.000000000000000000e+00 1.000000000000000000e+00
-2.803594112396240234e+00 5.229558348655700684e-01 3.202702105045318604e-01 0.000000000000000000e+00 1.000000000000000000e+00 1.000000000000000000e+00
-1.512598037719726562e+00 -4.898139536380767822e-01 1.395261764526367188e+00 0.000000000000000000e+00 0.000000000000000000e+00 1.000000000000000000e+00
-2.398938655853271484e+00 1.047929525375366211e+00 -1.007053613662719727e+00 0.000000000000000000e+00 1.000000000000000000e+00 0.000000000000000000e+00
3.814452648162841797e+00 -3.511396646499633789e+00 -4.012451648712158203e+00 1.000000000000000000e+00 0.000000000000000000e+00 0.000000000000000000e+00
-2.065339565277099609e+00 -5.768162012100219727e-01 2.829020738601684570e+00 0.000000000000000000e+00 1.000000000000000000e+00 0.000000000000000000e+00
-4.217751502990722656e+00 4.079807758331298828e+00 -9.849851131439208984e-01 0.000000000000000000e+00 1.000000000000000000e+00 0.000000000000000000e+00
-5.505993366241455078e+00 4.320801258087158203e+00 1.159190893173217773e+00 0.000000000000000000e+00 1.000000000000000000e+00 0.000000000000000000e+00
-3.211401939392089844e+00 2.013960361480712891e+00 1.479830026626586914e+00 0.000000000000000000e+00 0.000000000000000000e+00 1.000000000000000000e+00
-1.530149221420288086e+00 -3.853621184825897217e-01 4.588799476623535156e+00 0.000000000000000000e+00 0.000000000000000000e+00 1.000000000000000000e+00
3.420515537261962891e+00 -3.384093999862670898e+00 -3.538141965866088867e+00 1.000000000000000000e+00 0.000000000000000000e+00 0.000000000000000000e+00
-2.607348203659057617e+00 1.825148582458496094e+00 3.503534495830535889e-01 0.000000000000000000e+00 1.000000000000000000e+00 1.000000000000000000e+00
-1.961145043373107910e+00 -3.011378347873687744e-01 1.404938399791717529e-01 0.000000000000000000e+00 1.000000000000000000e+00 0.000000000000000000e+00
-2.449752569198608398e+00 9.027241468429565430e-01 4.615584373474121094e+00 0.000000000000000000e+00 1.000000000000000000e+00 1.000000000000000000e+00
1.342533946037292480e+00 -1.570961594581604004e+00 -1.985486626625061035e+00 1.000000000000000000e+00 0.000000000000000000e+00 0.000000000000000000e+00
-1.491344571113586426e+00 3.710062026977539062e+00 -1.744297981262207031e+00 0.000000000000000000e+00 1.000000000000000000e+00 0.000000000000000000e+00
2.601217508316040039e+00 -2.769423961639404297e+00 -2.676697969436645508e+00 1.000000000000000000e+00 0.000000000000000000e+00 0.000000000000000000e+00
-1.957003831863403320e+00 2.556850433349609375e+00 -8.589771986007690430e-01 0.000000000000000000e+00 1.000000000000000000e+00 0.000000000000000000e+00
3.495266914367675781e+00 -3.115802526473999023e+00 -3.168908834457397461e+00 1.000000000000000000e+00 0.000000000000000000e+00 0.000000000000000000e+00
3.823094367980957031e+00 -3.606959819793701172e+00 -3.855698585510253906e+00 1.000000000000000000e+00 0.000000000000000000e+00 0.000000000000000000e+00
-1.767059326171875000e+00 9.896450042724609375e-01 -1.387295961380004883e+00 0.000000000000000000e+00 1.000000000000000000e+00 0.000000000000000000e+00
2.413284778594970703e+00 -2.635484695434570312e+00 -2.738041162490844727e+00 1.000000000000000000e+00 0.000000000000000000e+00 0.000000000000000000e+00
-2.931877136230468750e+00 1.197699666023254395e+00 2.984404802322387695e+00 0.000000000000000000e+00 1.000000000000000000e+00 1.000000000000000000e+00
2.011545181274414062e+00 -2.124858140945434570e+00 -2.648754358291625977e+00 1.000000000000000000e+00 0.000000000000000000e+00 0.000000000000000000e+00
-3.066821098327636719e+00 8.956294059753417969e-01 1.678756594657897949e+00 0.000000000000000000e+00 1.000000000000000000e+00 1.000000000000000000e+00
