-1.833919882774353027e+00 -3.889869451522827148e-01 3.263178765773773193e-01 0.000000000000000000e+00 0.000000000000000000e+00 1.000000000000000000e+00
3.470995426177978516e+00 -3.199196815490722656e+00 -3.217974185943603516e+00 1.000000000000000000e+00 0.000000000000000000e+00 0.000000000000000000e+00
-3.960455417633056641e+00 4.096341609954833984e+00 -1.868756771087646484e+00 0.000000000000000000e+00 1.000000000000000000e+00 0.000000000000000000e+00
-2.253616809844970703e+00 3.919111192226409912e-01 5.244790911674499512e-01 0.000000000000000000e+00 0.000000000000000000e+00 1.000000000000000000e+00
-2.550423860549926758e+00 1.859654068946838379e+00 6.817147135734558105e-02 0.000000000000000000e+00 1.000000000000000000e+00 1.000000000000000000e+00
1.547721147537231445e+00 -9.732500910758972168e-01 -3.165462732315063477e+00 0.000000000000000000e+00 1.000000000000000000e+00 0.000000000000000000e+00
-2.023789167404174805e+00 2.925563335418701172e+00 -1.316784262657165527e+00 0.000000000000000000e+00 1.000000000000000000e+00 1.000000000000000000e+00
-3.223622083663940430e+00 3.715882539749145508e+00 -1.656554937362670898e+00 0.000000000000000000e+00 1.000000000000000000e+00 0.000000000000000000e+00
-4.610110759735107422e+00 1.307671189308166504e+00 6.456089496612548828e+00 0.000000000000000000e+00 1.000000000000000000e+00 1.000000000000000000e+00
8.939736485481262207e-01 -1.100963354110717773e+00 -2.005594491958618164e+00 1.000000000000000000e+00 0.000000000000000000e+00 0.000000000000000000e+00
-2.791092634201049805e+00 -4.435761272907257080e-01 2.712349891662597656e+00 0.000000000000000000e+00 0.000000000000000000e+00 1.000000000000000000e+00
-3.188722133636474609e-01 -7.198164463043212891e-01 -1.345733761787414551e+00 1.000000000000000000e+00 0.000000000000000000e+00 0.000000000000000000e+00
-7.466173768043518066e-01 6.722363233566284180e-01 -1.130598664283752441e+00 0.000000000000000000e+00 1.000000000000000000e+00 1.000000000000000000e+00
-2.245514392852783203e+00 7.902510166168212891e-01 1.365317702293395996e+00 0.000000000000000000e+00 1.000000000000000000e+00 1.000000000000000000e+00
2.508898377418518066e-01 -6.516581773757934570e-01 -1.778389811515808105e+00 1.000000000000000000e+00 0.000000000000000000e+00 0.000000000000000000e+00
1.227853417396545410e+00 -1.144867420196533203e+00 -2.790357589721679688e+00 0.000000000000000000e+00 1.000000000000000000e+00 0.000000000000000000e+00
1.205850481986999512e+00 -1.643865346908569336e+00 -2.470839023590087891e+00 1.000000000000000000e+00 0.000000000000000000e+00 0.000000000000000000e+00
-7.561094164848327637e-01 -1.569742083549499512e+00 1.973771095275878906e+00 1.000000000000000000e+00 0.000000000000000000e+00 1.000000000000000000e+00
-9.269492030143737793e-01 -7.232537865638732910e-01 -1.026264578104019165e-01 0.000000000000000000e+00 0.000000000000000000e+00 1.000000000000000000e+00
-3.017404317855834961e+00 -7.185608744621276855e-01 5.496790409088134766e+00 0.000000000000000000e+00 1.000000000000000000e+00 1.000000000000000000e+00
-3.943899869918823242e+00 1.910751223564147949e+00 4.012916088104248047e+00 1.000000000000000000e+00 1.000000000000000000e+00 1.000000000000000000e+00
-1.036637783050537109e+00 1.834590077400207520e+00 -2.478443622589111328e+00 1.000000000000000000e+00 1.000000000000000000e+00 0.000000000000000000e+00
2.173053741455078125e+00 -2.465482711791992188e+00 -2.599264144897460938e+00 1.000000000000000000e+00 0.000000000000000000e+00 0.000000000000000000e+00
-1.289762854576110840e+00 -2.581651136279106140e-02 4.347118139266967773e-01 1.000000000000000000e+00 0.000000000000000000e+00 1.000000000000000000e+00
3.995676755905151367e+00 -3.543878793716430664e+00 -3.924201965332031250e+00 1.000000000000000000e+00 0.000000000000000000e+00 0.000000000000000000e+00
9.939138293266296387e-01 -1.726484298706054688e+00 -1.850404143333435059e+00 1.000000000000000000e+00 0.000000000000000000e+00 0.000000000000000000e+00
-1.783566117286682129e+00 -1.313392817974090576e-01 9.236491918563842773e-01 0.000000000000000000e+00 0.000000000000000000e+00 1.000000000000000000e+00
-3.451294422149658203e+00 1.799435496330261230e+00 3.915014505386352539e+00 0.000000000000000000e+00 1.000000000000000000e+00 1.000000000000000000e+00
-1.756003499031066895e+00 9.550518989562988281e-01 -1.203022241592407227e+00 0.000000000000000000e+00 1.000000000000000000e+00 0.000000000000000000e+00
3.307637214660644531e+00 -3.087956428527832031e+00 -3.436187267303466797e+00 1.000000000000000000e+00 0.000000000000000000e+00 0.000000000000000000e+00
3.534244298934936523e+00 -3.094831466674804688e+00 -3.675526142120361328e+00 1.000000000000000000e+00 0.000000000000000000e+00 0.000000000000000000e+00
3.581121683120727539e+00 -3.386647462844848633e+00 -3.646699666976928711e+00 1.000000000000000000e+00 0.000000000000000000e+00 0.000000000000000000e+00
-1.872840523719787598e+00 -5.665719509124755859e-01 1.601239562034606934e+00 0.000000000000000000e+00 0.000000000000000000e+00 1.000000000000000000e+00
2.658883333206176758e+00 -2.543879508972167969e+00 -3.276813745498657227e+00 1.000000000000000000e+00 0.000000000000000000e+00 0.000000000000000000e+00
-3.932055950164794922e+00 3.000925064086914062e+00 7.014688849449157715e-01 0.000000000000000000e+00 1.000000000000000000e+00 1.000000000000000000e+00
-2.944420337677001953e+00 2.849054574966430664e+00 -1.621438503265380859e+00 0.000000000000000000e+00 1.000000000000000000e+00 0.000000000000000000e+00
-4.509053230285644531e+00 3.058026075363159180e+00 3.568966627120971680e+00 0.000000000000000000e+00 1.000000000000000000e+00 0.000000000000000000e+00
3.027410984039306641e+00 -3.013481140136718750e+00 -3.160705089569091797e+00 1.000000000000000000e+00 0.000000000000000000e+00 0.000000000000000000e+00
-4.237287521362304688e+00 3.533095598220825195e+00 2.540966987609863281e+00 0.000000000000000000e+00 1.000000000000000000e+00 1.000000000000000000e+00
-4.244430065155029297e+00 1.379987001419067383e+00 3.955276727676391602e+00 0.000000000000000000e+00 0.000000000000000000e+00 1.000000000000000000e+00
3.213008880615234375e+00 -2.908584833145141602e+00 -3.316656112670898438e+00 1.000000000000000000e+00 0.000000000000000000e+00 0.000000000000000000e+00
-1.181564688682556152e+00 2.394839674234390259e-01 -1.796476006507873535e+00 0.000000000000000000e+00 1.000000000000000000e+00 0.000000000000000000e+00
-3.764249801635742188e+00 5.631449699401855469e+00 3.360564410686492920e-01 1.000000000000000000e+00 1.000000000000000000e+00 1.000000000000000000e+00
3.548418998718261719e+00 -3.313054084777832031e+00 -3.589366912841796875e+00 1.000000000000000000e+00 0.000000000000000000e+00 0.000000000000000000e+00
-3.470260858535766602e+00 4.090568542480468750e+00 -1.093998789787292480e+00 0.000000000000000000e+00 1.000000000000000000e+00 0.000000000000000000e+00
-2.515313148498535156e+00 -3.269520998001098633e-01 2.369895935058593750e+00 0.000000000000000000e+00 0.000000000000000000e+00 1.000000000000000000e+00
2.795510292053222656e+00 -2.715287923812866211e+00 -3.036638259887695312e+00 1.000000000000000000e+00 0.000000000000000000e+00 0.000000000000000000e+00
-3.487200736999511719e+00 4.229967117309570312e+00 5.781596302986145020e-01 0.000000000000000000e+00 1.000000000000000000e+00 1.000000000000000000e+00
-2.124454021453857422e+00 8.990162014961242676e-01 -2.145028263330459595e-01 0.000000000000000000e+00 1.000000000000000000e+00 0.000000000000000000e+00
1.209451794624328613e+00 -1.348595738410949707e+00 -2.539730548858642578e+00 0.000000000000000000e+00 1.000000000000000000e+00 0.000000000000000000e+00
-1.936222434043884277e+00 -7.609517127275466919e-02 1.598874688148498535e+00 0.000000000000000000e+00 0.000000000000000000e+00 1.000000000000000000e+00
-4.715578079223632812e+00 2.775459766387939453e+00 4.335096836090087891e+00 0.000000000000000000e+00 1.000000000000000000e+00 1.000000000000000000e+00
2.657610893249511719e+00 -1.847283720970153809e+00 -3.594300031661987305e+00 1.000000000000000000e+00 0.000000000000000000e+00 0.000000000000000000e+00
-3.412755727767944336e+00 -6.212514042854309082e-01 5.937472820281982422e+00 1.000000000000000000e+00 1.000000000000000000e+00 1.000000000000000000e+00
-2.335655212402343750e+00 -8.886318802833557129e-01 2.952830791473388672e+00 0.000000000000000000e+00 0.000000000000000000e+00 1.000000000000000000e+00
7.916906476020812988e-01 -1.573776125907897949e+00 -1.947581768035888672e+00 1.000000000000000000e+00 0.000000000000000000e+00 0.000000000000000000e+00
8.365536108613014221e-03 6.615357846021652222e-02 -2.382984638214111328e+00 0.000000000000000000e+00 1.000000000000000000e+00 0.000000000000000000e+00
3.945015430450439453e+00 -3.463276147842407227e+00 -3.737751007080078125e+00 1.000000000000000000e+00 0.000000000000000000e+00 0.000000000000000000e+00
-2.237204313278198242e+00 -1.516364961862564087e-01 1.302216291427612305e+00 0.000000000000000000e+00 0.000000000000000000e+00 1.000000000000000000e+00
-2.537057161331176758e+00 5.951533317565917969e-01 8.507307767868041992e-01 0.000000000000000000e+00 1.000000000000000000e+00 0.000000000000000000e+00
-1.530493140220642090e+00 1.646250486373901367e+00 -1.989812970161437988e+00 0.000000000000000000e+00 1.000000000000000000e+00 0.000000000000000000e+00
2.999429702758789062e+00 -2.884549140930175781e+00 -2.901657581329345703e+00 1.000000000000000000e+00 0.000000000000000000e+00 0.000000000000000000e+00
1.700782179832458496e+00 -1.516715407371520996e+00 -3.021409749984741211e+00 1.000000000000000000e+00 0.000000000000000000e+00 0.000000000000000000e+00
-4.260742664337158203e+00 3.267726182937622070e+00 1.706227779388427734e+00 0.000000000000000000e+00 1.000000000000000000e+00 1.000000000000000000e+00
-2.907601594924926758e+00 2.765883445739746094e+00 -5.239259600639343262e-01 0.000000000000000000e+00 1.000000000000000000e+00 0.000000000000000000e+00
-4.490259170532226562e+00 4.728781223297119141e+00 1.911846637725830078e+00 0.000000000000000000e+00 1.000000000000000000e+00 1.000000000000000000e+00
4.230762004852294922e+00 -3.690980434417724609e+00 -4.120511531829833984e+00 1.000000000000000000e+00 0.000000000000000000e+00 0.000000000000000000e+00
-2.264591693878173828e+00 -3.446812629699707031e-01 1.706851601600646973e+00 0.000000000000000000e+00 0.000000000000000000e+00 1.000000000000000000e+00
-4.175377368927001953e+00 3.940738677978515625e+00 2.949646234512329102e+00 0.000000000000000000e+00 1.000000000000000000e+00 1.000000000000000000e+00
2.714399814605712891e+00 -2.639200210571289062e+00 -3.227541685104370117e+00 1.000000000000000000e+00 0.000000000000000000e+00 0.000000000000000000e+00
-3.558691024780273438e+00 4.842200875282287598e-01 4.560850620269775391e+00 0.000000000000000000e+00 1.000000000000000000e+00 1.000000000000000000e+00
4.580214023590087891e+00 -3.969142913818359375e+00 -4.153429985046386719e+00 1.000000000000000000e+00 0.000000000000000000e+00 0.000000000000000000e+00
3.052006959915161133e-01 -1.508131146430969238e+00 -6.815317273139953613e-01 0.000000000000000000e+00 0.000000000000000000e+00 1.000000000000000000e+00
-3.900426149368286133e+00 8.835698962211608887e-01 5.574857234954833984e+00 0.000000000000000000e+00 0.000000000000000000e+00 1.000000000000000000e+00
-3.030735015869140625e+00 -1.129313468933105469e+00 4.754288673400878906e+00 0.000000000000000000e+00 0.000000000000000000e+00 1.000000000000000000e+00
4.146492481231689453e+00 -3.628382444381713867e+00 -3.871759653091430664e+00 1.000000000000000000e+00 0.000000000000000000e+00 0.000000000000000000e+00
-6.112164020538330078e+00 4.201587677001953125e+00 7.636499881744384766e+00 0.000000000000000000e+00 0.000000000000000000e+00 1.000000000000000000e+00
-2.632763385772705078e+00 -2.623950541019439697e-01 2.292135715484619141e+00 0.000000000000000000e+00 0.000000000000000000e+00 1.000000000000000000e+00
3.834654331207275391e+00 -3.442086219787597656e+00 -3.776747226715087891e+00 1.000000000000000000e+00 0.000000000000000000e+00 0.000000000000000000e+00
3.451242923736572266e+00 -3.138991355895996094e+00 -3.561797857284545898e+00 1.000000000000000000e+00 0.000000000000000000e+00 0.000000000000000000e+00
-4.773319959640502930e-01 -9.074857831001281738e-01 -1.025869727134704590e+00 1.000000000000000000e+00 0.000000000000000000e+00 0.000000000000000000e+00
-4.230771064758300781e+00 1.034844160079956055e+00 6.418089389801025391e+00 0.000000000000000000e+00 1.000000000000000000e+00 1.000000000000000000e+00
-1.546159386634826660e+00 9.495219588279724121e-02 -6.649363040924072266e-01 0.000000000000000000e+00 1.000000000000000000e+00 0.000000000000000000e+00
-5.134504795074462891e+00 3.255815744400024414e+00 3.812283277511596680e+00 0.000000000000000000e+00 1.000000000000000000e+00 1.000000000000000000e+00
-1.321463108062744141e+00 -9.188081026077270508e-01 2.009624719619750977e+00 0.000000000000000000e+00 0.000000000000000000e+00 1.000000000000000000e+00
-3.695667505264282227e+00 4.922698497772216797e+00 -1.200312376022338867e+00 0.000000000000000000e+00 1.000000000000000000e+00 0.000000000000000000e+00
-1.088403940200805664e+00 -2.662785351276397705e-01 4.446178674697875977e-01 0.000000000000000000e+00 1.000000000000000000e+00 0.000000000000000000e+00
4.304219722747802734e+00 -3.821990966796875000e+00 -3.876363277435302734e+00 1.000000000000000000e+00 0.000000000000000000e+00 0.000000000000000000e+00
3.378395795822143555e+00 -3.274913787841796875e+00 -3.220201015472412109e+00 1.000000000000000000e+00 0.000000000000000000e+00 0.000000000000000000e+00
2.376221179962158203e+00 -2.422389030456542969e+00 -2.451130390167236328e+00 1.000000000000000000e+00 0.000000000000000000e+00 0.000000000000000000e+00
-3.527891397476196289e+00 8.669090867042541504e-01 2.594259977340698242e+00 0.000000000000000000e+00 0.000000000000000000e+00 1.000000000000000000e+00
3.480108499526977539e+00 -3.231448173522949219e+00 -3.228018283843994141e+00 1.000000000000000000e+00 0.000000000000000000e+00 0.000000000000000000e+00
-2.645550489425659180e+00 2.149070739746093750e+00 -9.304077029228210449e-01 0.000000000000000000e+00 1.000000000000000000e+00 0.000000000000000000e+00
-4.906494617462158203e+00 5.764495849609375000e+00 4.025205373764038086e-01 0.000000000000000000e+00 1.000000000000000000e+00 1.000000000000000000e+00
-3.668871879577636719e+00 3.891584873199462891e+00 -1.282993435859680176e+00 0.000000000000000000e+00 1.000000000000000000e+00 0.000000000000000000e+00
-3.625238656997680664e+00 2.344850063323974609e+00 3.312286853790283203e+00 0.000000000000000000e+00 1.000000000000000000e+00 1.000000000000000000e+00
8.270034193992614746e-01 -1.378196954727172852e+00 -2.294629812240600586e+00 1.000000000000000000e+00 0.000000000000000000e+00 0.000000000000000000e+00
3.630111694335937500e+00 -3.224377155303955078e+00 -3.416931629180908203e+00 1.000000000000000000e+00 0.000000000000000000e+00 0.000000000000000000e+00
3.718426227569580078e+00 -3.389957189559936523e+00 -3.583060026168823242e+00 1.000000000000000000e+00 0.000000000000000000e+00 0.000000000000000000e+00
2.578619956970214844e+00 -2.752653598785400391e+00 -2.734534025192260742e+00 1.000000000000000000e+00 0.000000000000000000e+00 0.000000000000000000e+00
-1.507933497428894043e+00 -2.075682580471038818e-01 1.455992102622985840e+00 0.000000000000000000e+00 1.000000000000000000e+00 0.000000000000000000e+00
-4.170013427734375000e+00 4.093279361724853516e+00 2.180069923400878906e+00 0.000000000000000000e+00 1.000000000000000000e+00 1.000000000000000000e+00
1.651960849761962891e+00 -2.143695116043090820e+00 -2.654386043548583984e+00 1.000000000000000000e+00 0.000000000000000000e+00 0.000000000000000000e+00
2.217801332473754883e+00 -2.422734260559082031e+00 -2.483418464660644531e+00 1.000000000000000000e+00 0.000000000000000000e+00 0.000000000000000000e+00
1.601735651493072510e-01 -4.353900551795959473e-01 -1.917589306831359863e+00 1.000000000000000000e+00 0.000000000000000000e+00 0.000000000000000000e+00
-1.155066370964050293e+00 -5.343574285507202148e-01 -3.744161128997802734e-01 0.000000000000000000e+00 0.000000000000000000e+00 1.000000000000000000e+00
-5.343183875083923340e-01 -7.193959355354309082e-01 -1.109294533729553223e+00 0.000000000000000000e+00 1.000000000000000000e+00 0.000000000000000000e+00
-3.321620941162109375e+00 3.155417919158935547e+00 -5.545063614845275879e-01 0.000000000000000000e+00 1.000000000000000000e+00 0.000000000000000000e+00
-5.212824344635009766e+00 7.409393310546875000e+00 -6.687433719635009766e-01 0.000000000000000000e+00 1.000000000000000000e+00 1.000000000000000000e+00
2.899548053741455078e+00 -3.004919290542602539e+00 -2.734323024749755859e+00 1.000000000000000000e+00 0.000000000000000000e+00 0.000000000000000000e+00
4.696991920471191406e+00 -4.076675415039062500e+00 -4.174252510070800781e+00 1.000000000000000000e+00 0.000000000000000000e+00 0.000000000000000000e+00
2.957544088363647461e+00 -2.941051721572875977e+00 -2.674980640411376953e+00 1.000000000000000000e+00 0.000000000000000000e+00 0.000000000000000000e+00
1.371794819831848145e+00 -1.552984356880187988e+00 -2.428759098052978516e+00 1.000000000000000000e+00 0.000000000000000000e+00 0.000000000000000000e+00
-1.773223280906677246e+00 1.176633089780807495e-01 9.410582184791564941e-01 0.000000000000000000e+00 1.000000000000000000e+00 1.000000000000000000e+00
-2.122435331344604492e+00 2.872048377990722656e+00 -1.786352038383483887e+00 0.000000000000000000e+00 1.000000000000000000e+00 0.000000000000000000e+00
1.818770289421081543e+00 -2.155349254608154297e+00 -2.313759565353393555e+00 1.000000000000000000e+00 0.000000000000000000e+00 0.000000000000000000e+00
-3.806465864181518555e+00 4.264309883117675781e+00 -1.401236802339553833e-01 0.000000000000000000e+00 1.000000000000000000e+00 1.000000000000000000e+00
2.490801334381103516e+00 -2.743014574050903320e+00 -2.237819194793701172e+00 1.000000000000000000e+00 0.000000000000000000e+00 0.000000000000000000e+00
-1.267251610755920410e+00 1.299744486808776855e+00 6.313886046409606934e-01 0.000000000000000000e+00 1.000000000000000000e+00 1.000000000000000000e+00
-9.296150803565979004e-01 -1.127921938896179199e+00 4.958244860172271729e-01 0.000000000000000000e+00 0.000000000000000000e+00 1.000000000000000000e+00
-1.408776640892028809e-01 6.972600817680358887e-01 -2.542783975601196289e+00 1.000000000000000000e+00 1.000000000000000000e+00 0.000000000000000000e+00
-2.044675588607788086e+00 -6.382097955793142319e-03 1.312066197395324707e+00 0.000000000000000000e+00 0.000000000000000000e+00 1.000000000000000000e+00
-1.467779040336608887e+00 8.889353275299072266e-01 -1.474689841270446777e+00 0.000000000000000000e+00 1.000000000000000000e+00 0.000000000000000000e+00
-7.704023718833923340e-01 -8.792402595281600952e-02 -7.383719682693481445e-01 1.000000000000000000e+00 0.000000000000000000e+00 0.000000000000000000e+00
-3.497771263122558594e+00 -1.951711922883987427e-01 5.181980133056640625e+00 0.000000000000000000e+00 1.000000000000000000e+00 1.000000000000000000e+00
3.139296531677246094e+00 -3.178778648376464844e+00 -3.050822973251342773e+00 1.000000000000000000e+00 0.000000000000000000e+00 0.000000000000000000e+00
2.025466918945312500e+00 -2.278116464614868164e+00 -2.421432018280029297e+00 1.000000000000000000e+00 0.000000000000000000e+00 0.000000000000000000e+00
2.924045801162719727e+00 -3.102095365524291992e+00 -3.159017801284790039e+00 1.000000000000000000e+00 0.000000000000000000e+00 0.000000000000000000e+00
-2.039038419723510742e+00 -1.000251770019531250e+00 2.327799558639526367e+00 0.000000000000000000e+00 0.000000000000000000e+00 1.000000000000000000e+00
2.108894109725952148e+00 -2.719037532806396484e+00 -1.854145646095275879e+00 1.000000000000000000e+00 0.000000000000000000e+00 0.000000000000000000e+00
-2.566404104232788086e+00 -1.366128772497177124e-01 1.334962606430053711e+00 0.000000000000000000e+00 0.000000000000000000e+00 1.000000000000000000e+00
-1.979636907577514648e+00 4.548447206616401672e-02 1.714270353317260742e+00 0.000000000000000000e+00 1.000000000000000000e+00 1.000000000000000000e+00
-2.462493658065795898e+00 2.793213367462158203e+00 -1.410554289817810059e+00 0.000000000000000000e+00 1.000000000000000000e+00 0.000000000000000000e+00
1.618640124797821045e-01 -1.194764018058776855e+00 -5.119091272354125977e-01 0.000000000000000000e+00 0.000000000000000000e+00 1.000000000000000000e+00
2.613683700561523438e+00 -2.666713953018188477e+00 -2.982373952865600586e+00 1.000000000000000000e+00 0.000000000000000000e+00 0.000000000000000000e+00
-2.737548589706420898e+00 2.186593055725097656e+00 -9.878793358802795410e-01 0.000000000000000000e+00 1.000000000000000000e+00 0.000000000000000000e+00
3.978367805480957031e+00 -3.588123559951782227e+00 -3.689024209976196289e+00 1.000000000000000000e+00 0.000000000000000000e+00 0.000000000000000000e+00
9.195612668991088867e-01 -1.656222701072692871e+00 -2.011210203170776367e+00 1.000000000000000000e+00 0.000000000000000000e+00 0.000000000000000000e+00
-1.792885065078735352e+00 -5.267200469970703125e-01 3.969848394393920898e+00 0.000000000000000000e+00 1.000000000000000000e+00 1.000000000000000000e+00
-2.175042390823364258e+00 -8.324603438377380371e-01 3.014184474945068359e+00 0.000000000000000000e+00 0.000000000000000000e+00 1.000000000000000000e+00
1.864261746406555176e+00 -2.587918758392333984e+00 -1.271561384201049805e+00 1.000000000000000000e+00 0.000000000000000000e+00 0.000000000000000000e+00
-3.015899419784545898e+00 -1.052137970924377441e+00 4.773310661315917969e+00 0.000000000000000000e+00 0.000000000000000000e+00 1.000000000000000000e+00
7.787051796913146973e-01 -1.209897875785827637e+00 -1.544919013977050781e-01 1.000000000000000000e+00 0.000000000000000000e+00 1.000000000000000000e+00
-1.873079299926757812e+00 -2.018661797046661377e-01 7.070404291152954102e-01 0.000000000000000000e+00 0.000000000000000000e+00 1.000000000000000000e+00
3.320197820663452148e+00 -3.150761604309082031e+00 -3.298779010772705078e+00 1.000000000000000000e+00 0.000000000000000000e+00 0.000000000000000000e+00
-4.011291980743408203e+00 1.890940546989440918e+00 2.268488645553588867e+00 0.000000000000000000e+00 1.000000000000000000e+00 0.000000000000000000e+00
-2.535175561904907227e+00 8.208414912223815918e-01 4.258919239044189453e+00 1.000000000000000000e+00 1.000000000000000000e+00 1.000000000000000000e+00
3.151140451431274414e+00 -3.155713081359863281e+00 -3.133063316345214844e+00 1.000000000000000000e+00 0.000000000000000000e+00 0.000000000000000000e+00
-5.158559083938598633e-01 -1.745014190673828125e+00 1.143083095550537109e+00 1.000000000000000000e+00 0.000000000000000000e+00 1.000000000000000000e+00
-1.456822991371154785e+00 -1.270307898521423340e+00 1.248511195182800293e+00 0.000000000000000000e+00 0.000000000000000000e+00 1.000000000000000000e+00
3.927496373653411865e-01 3.367733955383300781e-01 -1.714207530021667480e+00 1.000000000000000000e+00 0.000000000000000000e+00 0.000000000000000000e+00
-4.461407184600830078e+00 2.278269052505493164e+00 3.653559684753417969e+00 0.000000000000000000e+00 1.000000000000000000e+00 1.000000000000000000e+00
-2.710319042205810547e+00 -1.449286788702011108e-01 1.352090001106262207e+00 0.000000000000000000e+00 0.000000000000000000e+00 1.000000000000000000e+00
-2.104128837585449219e+00 -8.547191321849822998e-02 8.061577081680297852e-01 0.000000000000000000e+00 0.000000000000000000e+00 1.000000000000000000e+00
4.578658103942871094e+00 -3.882601261138916016e+00 -4.057415485382080078e+00 1.000000000000000000e+00 0.000000000000000000e+00 0.000000000000000000e+00
9.211935997009277344e-01 -1.558379411697387695e+00 -1.976939797401428223e+00 1.000000000000000000e+00 0.000000000000000000e+00 0.000000000000000000e+00
-4.714159488677978516e+00 2.161779165267944336e+00 5.871237754821777344e+00 0.000000000000000000e+00 1.000000000000000000e+00 1.000000000000000000e+00
3.602734804153442383e+00 -3.169748783111572266e+00 -3.716581344604492188e+00 1.000000000000000000e+00 0.000000000000000000e+00 0.000000000000000000e+00
2.780776500701904297e+00 -2.725622177124023438e+00 -3.128328561782836914e+00 1.000000000000000000e+00 0.000000000000000000e+00 0.000000000000000000e+00
2.768686532974243164e+00 -2.807257652282714844e+00 -2.765573024749755859e+00 1.000000000000000000e+00 0.000000000000000000e+00 0.000000000000000000e+00
-5.453294888138771057e-02 -1.481820344924926758e+00 -1.580979228019714355e-01 0.000000000000000000e+00 0.000000000000000000e+00 1.000000000000000000e+00
-1.857120275497436523e+00 -7.142996788024902344e-01 2.544489383697509766e+00 0.000000000000000000e+00 1.000000000000000000e+00 1.000000000000000000e+00
-3.848340511322021484e+00 3.012499570846557617e+00 5.300982594490051270e-01 0.000000000000000000e+00 1.000000000000000000e+00 0.000000000000000000e+00
-2.596986591815948486e-01 7.584984302520751953e-01 -2.245106697082519531e+00 0.000000000000000000e+00 1.000000000000000000e+00 0.000000000000000000e+00
-2.413544617593288422e-02 -1.321724653244018555e+00 -1.454569399356842041e-01 1.000000000000000000e+00 0.000000000000000000e+00 1.000000000000000000e+00
8.556972146034240723e-01 -3.329004645347595215e-01 -3.092774152755737305e+00 0.000000000000000000e+00 1.000000000000000000e+00 0.000000000000000000e+00
-1.880541920661926270e+00 1.748570650815963745e-01 1.196178555488586426e+00 0.000000000000000000e+00 1.000000000000000000e+00 1.000000000000000000e+00
2.505746841430664062e+00 -2.322447776794433594e+00 -3.385212659835815430e+00 1.000000000000000000e+00 0.000000000000000000e+00 0.000000000000000000e+00
-5.601572394371032715e-01 -8.392904996871948242e-01 1.279168009757995605e+00 0.000000000000000000e+00 1.000000000000000000e+00 1.000000000000000000e+00
5.614171624183654785e-01 -1.019968152046203613e+00 -2.623774528503417969e+00 0.000000000000000000e+00 1.000000000000000000e+00 0.000000000000000000e+00
2.328631430864334106e-01 -1.196869730949401855e+00 -1.415695071220397949e+00 1.000000000000000000e+00 0.000000000000000000e+00 0.000000000000000000e+00
-1.368615508079528809e+00 8.138698339462280273e-02 -8.111884593963623047e-01 0.000000000000000000e+00 1.000000000000000000e+00 0.000000000000000000e+00
-4.140276432037353516e+00 -4.369031488895416260e-01 6.232889175415039062e+00 0.000000000000000000e+00 0.000000000000000000e+00 1.000000000000000000e+00
4.091406345367431641e+00 -3.637775182723999023e+00 -2.871093273162841797e+00 1.000000000000000000e+00 0.000000000000000000e+00 0.000000000000000000e+00
-7.979828715324401855e-01 -3.568866252899169922e-01 -1.004416227340698242e+00 0.000000000000000000e+00 1.000000000000000000e+00 1.000000000000000000e+00
-3.920305967330932617e+00 4.553535878658294678e-01 5.946633815765380859e+00 0.000000000000000000e+00 1.000000000000000000e+00 1.000000000000000000e+00
-2.287913322448730469e+00 -6.375747323036193848e-01 1.924720525741577148e+00 0.000000000000000000e+00 0.000000000000000000e+00 1.000000000000000000e+00
3.453060984611511230e-01 -7.553528547286987305e-01 -2.262275695800781250e+00 1.000000000000000000e+00 0.000000000000000000e+00 0.000000000000000000e+00
-1.932786345481872559e+00 -7.674546539783477783e-02 6.242554783821105957e-01 0.000000000000000000e+00 0.000000000000000000e+00 1.000000000000000000e+00
2.744091987609863281e+00 -2.610586881637573242e+00 -2.896474361419677734e+00 1.000000000000000000e+00 0.000000000000000000e+00 0.000000000000000000e+00
-4.199748039245605469e+00 5.573440551757812500e+00 -1.362977981567382812e+00 0.000000000000000000e+00 1.000000000000000000e+00 0.000000000000000000e+00
-2.945594310760498047e+00 1.966559737920761108e-01 2.564967393875122070e+00 0.000000000000000000e+00 0.000000000000000000e+00 1.000000000000000000e+00
3.010330438613891602e+00 -2.833188533782958984e+00 -3.160744667053222656e+00 1.000000000000000000e+00 0.000000000000000000e+00 0.000000000000000000e+00
6.499339342117309570e-01 -1.450521588325500488e+00 -1.858070850372314453e+00 0.000000000000000000e+00 1.000000000000000000e+00 0.000000000000000000e+00
-5.045479297637939453e+00 8.588000297546386719e+00 -6.948856711387634277e-01 0.000000000000000000e+00 1.000000000000000000e+00 1.000000000000000000e+00
-2.462379217147827148e+00 1.970621466636657715e+00 -1.316618323326110840e+00 0.000000000000000000e+00 1.000000000000000000e+00 0.000000000000000000e+00
-2.302250862121582031e+00 1.260413885116577148e+00 -7.272469997406005859e-01 0.000000000000000000e+00 1.000000000000000000e+00 0.000000000000000000e+00
-9.421669840812683105e-01 -2.262361794710159302e-01 -9.758192896842956543e-01 0.000000000000000000e+00 1.000000000000000000e+00 0.000000000000000000e+00
-2.359533548355102539e+00 1.180323600769042969e+00 1.179643034934997559e+00 0.000000000000000000e+00 1.000000000000000000e+00 1.000000000000000000e+00
-3.138694047927856445e+00 3.016941070556640625e+00 1.828221082687377930e+00 0.000000000000000000e+00 1.000000000000000000e+00 1.000000000000000000e+00
-2.941802263259887695e+00 2.630567550659179688e+00 -8.903763294219970703e-01 0.000000000000000000e+00 1.000000000000000000e+00 0.000000000000000000e+00
3.827883481979370117e+00 -3.361232280731201172e+00 -3.761213064193725586e+00 1.000000000000000000e+00 0.000000000000000000e+00 0.000000000000000000e+00
2.661887407302856445e+00 -2.614080429077148438e+00 -3.214905261993408203e+00 1.000000000000000000e+00 0.000000000000000000e+00 0.000000000000000000e+00
4.765615463256835938e+00 -4.019930362701416016e+00 -4.484724998474121094e+00 1.000000000000000000e+00 0.000000000000000000e+00 0.000000000000000000e+00
-3.951365232467651367e+00 -3.996417820453643799e-01 5.802469730377197266e+00 0.000000000000000000e+00 1.000000000000000000e+00 1.000000000000000000e+00
-2.249335765838623047e+00 -4.966772198677062988e-01 3.468157291412353516e+00 0.000000000000000000e+00 0.000000000000000000e+00 1.000000000000000000e+00
-1.875319957733154297e+00 1.872230507433414459e-02 2.062539577484130859e+00 0.000000000000000000e+00 0.000000000000000000e+00 1.000000000000000000e+00
3.918217182159423828e+00 -3.521102190017700195e+00 -3.759668111801147461e+00 1.000000000000000000e+00 0.000000000000000000e+00 0.000000000000000000e+00
-4.973362445831298828e+00 4.017280578613281250e+00 3.243350267410278320e+00 0.000000000000000000e+00 1.000000000000000000e+00 1.000000000000000000e+00
-4.188598394393920898e-01 1.069070577621459961e+00 -1.949732065200805664e+00 0.000000000000000000e+00 1.000000000000000000e+00 0.000000000000000000e+00
4.630370438098907471e-01 -1.720706820487976074e+00 -1.283173441886901855e+00 1.000000000000000000e+00 0.000000000000000000e+00 0.000000000000000000e+00
-2.294278860092163086e+00 -9.758795797824859619e-02 2.914016008377075195e+00 0.000000000000000000e+00 1.000000000000000000e+00 1.000000000000000000e+00
-1.105371564626693726e-01 -1.573108673095703125e+00 -3.354188799858093262e-01 0.000000000000000000e+00 0.000000000000000000e+00 1.000000000000000000e+00
2.936352968215942383e+00 -2.621519565582275391e+00 -3.480477571487426758e+00 1.000000000000000000e+00 0.000000000000000000e+00 0.000000000000000000e+00
-2.259327650070190430e+00 -3.754400014877319336e-01 1.673059821128845215e+00 0.000000000000000000e+00 0.000000000000000000e+00 1.000000000000000000e+00
1.187980413436889648e+00 -2.002938270568847656e+00 -1.762334823608398438e+00 1.000000000000000000e+00 0.000000000000000000e+00 0.000000000000000000e+00
-2.009249687194824219e+00 1.273190140724182129e+00 -1.254308223724365234e+00 0.000000000000000000e+00 1.000000000000000000e+00 0.000000000000000000e+00
-2.808882474899291992e+00 1.416013717651367188e+00 4.208391308784484863e-01 0.000000000000000000e+00 1.000000000000000000e+00 1.000000000000000000e+00
-4.332269191741943359e+00 7.003484368324279785e-01 6.235689640045166016e+00 0.000000000000000000e+00 1.000000000000000000e+00 1.000000000000000000e+00
-2.539175748825073242e+00 1.130407452583312988e+00 2.313078641891479492e-01 0.000000000000000000e+00 1.000000000000000000e+00 0.000000000000000000e+00
2.946696519851684570e+00 -2.902924299240112305e+00 -3.075444221496582031e+00 1.000000000000000000e+00 0.000000000000000000e+00 0.000000000000000000e+00
4.361236572265625000e+00 -3.732854604721069336e+00 -4.085461139678955078e+00 1.000000000000000000e+00 0.000000000000000000e+00 0.000000000000000000e+00
-3.010857582092285156e+00 -4.588102400302886963e-01 3.698460102081298828e+00 0.000000000000000000e+00 0.000000000000000000e+00 1.000000000000000000e+00
-1.226814031600952148e+00 -6.966267824172973633e-01 4.451700747013092041e-01 0.000000000000000000e+00 0.000000000000000000e+00 1.000000000000000000e+00
2.445920258760452271e-01 -1.145035624504089355e+00 -1.693256616592407227e+00 1.000000000000000000e+00 0.000000000000000000e+00 0.000000000000000000e+00
-2.849418401718139648e+00 1.455009222030639648e+00 4.181984961032867432e-01 0.000000000000000000e+00 1.000000000000000000e+00 1.000000000000000000e+00
2.177537441253662109e+00 -2.178063154220581055e+00 -2.821180105209350586e+00 1.000000000000000000e+00 0.000000000000000000e+00 0.000000000000000000e+00
-3.025510311126708984e+00 -3.481040149927139282e-02 2.587150573730468750e+00 0.000000000000000000e+00 0.000000000000000000e+00 1.000000000000000000e+00
-4.468758583068847656e+00 2.364723920822143555e+00 3.758296251296997070e+00 0.000000000000000000e+00 1.000000000000000000e+00 1.000000000000000000e+00
-2.605440855026245117e+00 2.180803298950195312e+00 -1.397492766380310059e+00 0.000000000000000000e+00 1.000000000000000000e+00 0.000000000000000000e+00
1.209568858146667480e+00 -1.819241642951965332e+00 -2.446744441986083984e+00 1.000000000000000000e+00 0.000000000000000000e+00 0.000000000000000000e+00
7.597078680992126465e-01 -1.897758126258850098e+00 -9.333100318908691406e-01 1.000000000000000000e+00 0.000000000000000000e+00 0.000000000000000000e+00
-3.935205936431884766e+00 1.266858100891113281e+00 5.134967803955078125e+00 0.000000000000000000e+00 1.000000000000000000e+00 1.000000000000000000e+00
4.379662990570068359e+00 -3.867805957794189453e+00 -4.119952201843261719e+00 1.000000000000000000e+00 0.000000000000000000e+00 0.000000000000000000e+00
4.218207836151123047e+00 -3.635747671127319336e+00 -3.949874639511108398e+00 1.000000000000000000e+00 0.000000000000000000e+00 0.000000000000000000e+00
-2.166781663894653320e+00 1.186705827713012695e+00 5.909169912338256836e-01 0.000000000000000000e+00 1.000000000000000000e+00 1.000000000000000000e+00
-2.137662172317504883e+00 -3.058072626590728760e-01 1.772136807441711426e+00 0.000000000000000000e+00 0.000000000000000000e+00 1.000000000000000000e+00
1.697972416877746582e+00 -2.221621513366699219e+00 -2.239490985870361328e+00 1.000000000000000000e+00 0.000000000000000000e+00 0.000000000000000000e+00
3.206217288970947266e+00 -2.998798847198486328e+00 -3.454067707061767578e+00 1.000000000000000000e+00 0.000000000000000000e+00 0.000000000000000000e+00
4.204668521881103516e+00 -3.744663476943969727e+00 -3.765112876892089844e+00 1.000000000000000000e+00 0.000000000000000000e+00 0.000000000000000000e+00
-3.900102615356445312e+00 4.045368671417236328e+00 1.981681108474731445e+00 0.000000000000000000e+00 1.000000000000000000e+00 1.000000000000000000e+00
4.604543685913085938e+00 -3.808488368988037109e+00 -4.137716770172119141e+00 1.000000000000000000e+00 0.000000000000000000e+00 0.000000000000000000e+00
-3.389853000640869141e+00 -7.039301395416259766e-01 4.567675113677978516e+00 0.000000000000000000e+00 0.000000000000000000e+00 1.000000000000000000e+00
-3.151576519012451172e+00 -8.743153214454650879e-01 5.434854507446289062e+00 0.000000000000000000e+00 0.000000000000000000e+00 1.000000000000000000e+00
-3.140596389770507812e+00 2.946933031082153320e+00 -9.109425544738769531e-02 0.000000000000000000e+00 1.000000000000000000e+00 0.000000000000000000e+00
2.584402561187744141e-01 -1.596343636512756348e+00 -1.848247796297073364e-01 0.000000000000000000e+00 0.000000000000000000e+00 1.000000000000000000e+00
-1.499526739120483398e+00 -9.789134263992309570e-01 2.044810533523559570e+00 0.000000000000000000e+00 1.000000000000000000e+00 1.000000000000000000e+00
-2.310777425765991211e+00 1.319903850555419922e+00 -1.406548619270324707e-01 0.000000000000000000e+00 1.000000000000000000e+00 0.000000000000000000e+00
1.733053803443908691e+00 -1.790283560752868652e+00 -2.347028970718383789e+00 1.000000000000000000e+00 0.000000000000000000e+00 0.000000000000000000e+00
1.763627171516418457e+00 -2.128153562545776367e+00 -2.529689073562622070e+00 1.000000000000000000e+00 0.000000000000000000e+00 0.000000000000000000e+00
-4.395863056182861328e+00 2.231336355209350586e+00 4.749486446380615234e+00 0.000000000000000000e+00 1.000000000000000000e+00 1.000000000000000000e+00
3.825097560882568359e+00 -3.439729213714599609e+00 -3.790549516677856445e+00 1.000000000000000000e+00 0.000000000000000000e+00 0.000000000000000000e+00
1.750791966915130615e-01 -4.626883268356323242e-01 -2.229547977447509766e+00 1.000000000000000000e+00 0.000000000000000000e+00 0.000000000000000000e+00
3.048234224319458008e+00 -2.947030067443847656e+00 -3.025698184967041016e+00 1.000000000000000000e+00 0.000000000000000000e+00 0.000000000000000000e+00
-2.588732481002807617e+00 4.678916558623313904e-02 2.125010728836059570e+00 0.000000000000000000e+00 0.000000000000000000e+00 1.000000000000000000e+00
-9.619503617286682129e-01 6.922571659088134766e-01 -3.494338095188140869e-01 1.000000000000000000e+00 0.000000000000000000e+00 0.000000000000000000e+00
2.108085870742797852e+00 -2.193732738494873047e+00 -3.238979578018188477e+00 1.000000000000000000e+00 0.000000000000000000e+00 0.000000000000000000e+00
-2.923037290573120117e+00 1.066863059997558594e+00 1.748702526092529297e+00 0.000000000000000000e+00 1.000000000000000000e+00 1.000000000000000000e+00
-1.822472810745239258e+00 7.679882645606994629e-02 -2.454132437705993652e-01 0.000000000000000000e+00 0.000000000000000000e+00 1.000000000000000000e+00
-2.191466093063354492e+00 2.974189043045043945e+00 8.954794406890869141e-01 1.000000000000000000e+00 1.000000000000000000e+00 1.000000000000000000e+00
-1.117662787437438965e+00 -5.757730603218078613e-01 4.760408997535705566e-01 0.000000000000000000e+00 0.000000000000000000e+00 1.000000000000000000e+00
2.027023315429687500e+00 -2.106233358383178711e+00 -2.484776973724365234e+00 1.000000000000000000e+00 0.000000000000000000e+00 0.000000000000000000e+00
1.074578642845153809e+00 -3.026436567306518555e-01 -2.629614591598510742e+00 1.000000000000000000e+00 0.000000000000000000e+00 0.000000000000000000e+00
-3.779536485671997070e+00 9.290527105331420898e-01 3.527120590209960938e+00 0.000000000000000000e+00 1.000000000000000000e+00 1.000000000000000000e+00
3.191311359405517578e+00 -2.679199934005737305e+00 -3.814126968383789062e+00 1.000000000000000000e+00 0.000000000000000000e+00 0.000000000000000000e+00
3.799333333969116211e+00 -3.409296035766601562e+00 -3.469003677368164062e+00 1.000000000000000000e+00 0.000000000000000000e+00 0.000000000000000000e+00
-2.490724802017211914e+00 -5.190380811691284180e-01 1.881788015365600586e+00 0.000000000000000000e+00 0.000000000000000000e+00 1.000000000000000000e+00
-1.569985508918762207e+00 1.322353720664978027e+00 -1.555841803550720215e+00 0.000000000000000000e+00 1.000000000000000000e+00 0.000000000000000000e+00
3.427596330642700195e+00 -3.240717172622680664e+00 -3.369947195053100586e+00 1.000000000000000000e+00 0.000000000000000000e+00 0.000000000000000000e+00
-2.513479471206665039e+00 -5.133988261222839355e-01 2.911525249481201172e+00 1.000000000000000000e+00 0.000000000000000000e+00 1.000000000000000000e+00
3.945177078247070312e+00 -3.454074382781982422e+00 -3.689504146575927734e+00 1.000000000000000000e+00 0.000000000000000000e+00 0.000000000000000000e+00
3.991367816925048828e-01 -1.300735712051391602e+00 -1.658209800720214844e+00 1.000000000000000000e+00 0.000000000000000000e+00 0.000000000000000000e+00
1.196661114692687988e+00 -1.749370455741882324e+00 -1.768537163734436035e+00 1.000000000000000000e+00 0.000000000000000000e+00 0.000000000000000000e+00
9.150636792182922363e-01 -1.952739953994750977e+00 -1.975094199180603027e+00 1.000000000000000000e+00 0.000000000000000000e+00 0.000000000000000000e+00
-1.626109957695007324e+00 2.639592885971069336e-01 -8.637105822563171387e-01 0.000000000000000000e+00 0.000000000000000000e+00 1.000000000000000000e+00
-3.523230552673339844e+00 3.942363262176513672e+00 1.315023541450500488e+00 0.000000000000000000e+00 1.000000000000000000e+00 1.000000000000000000e+00
3.252646207809448242e+00 -2.916451454162597656e+00 -3.785070180892944336e+00 1.000000000000000000e+00 0.000000000000000000e+00 0.000000000000000000e+00
-4.762273132801055908e-01 4.506072103977203369e-01 -2.026618003845214844e+00 0.000000000000000000e+00 1.000000000000000000e+00 0.000000000000000000e+00
3.534678697586059570e+00 -3.345571517944335938e+00 -3.449051141738891602e+00 1.000000000000000000e+00 0.000000000000000000e+00 0.000000000000000000e+00
3.274816513061523438e+00 -2.972982883453369141e+00 -3.261395692825317383e+00 1.000000000000000000e+00 0.000000000000000000e+00 0.000000000000000000e+00
-1.088513851165771484e+00 -1.682689309120178223e+00 2.613521814346313477e+00 1.000000000000000000e+00 0.000000000000000000e+00 1.000000000000000000e+00
2.756606340408325195e+00 -2.670346498489379883e+00 -3.108965873718261719e+00 1.000000000000000000e+00 0.000000000000000000e+00 0.000000000000000000e+00
3.794328451156616211e+00 -3.427824974060058594e+00 -3.420978784561157227e+00 1.000000000000000000e+00 0.000000000000000000e+00 0.000000000000000000e+00
-4.468418598175048828e+00 1.091328620910644531e+00 5.755626678466796875e+00 0.000000000000000000e+00 1.000000000000000000e+00 1.000000000000000000e+00
4.168266773223876953e+00 -3.725002050399780273e+00 -3.877554893493652344e+00 1.000000000000000000e+00 0.000000000000000000e+00 0.000000000000000000e+00
4.324642181396484375e+00 -3.684546709060668945e+00 -4.114075660705566406e+00 1.000000000000000000e+00 0.000000000000000000e+00 0.000000000000000000e+00
2.934967517852783203e+00 -2.738756895065307617e+00 -2.953397274017333984e+00 1.000000000000000000e+00 0.000000000000000000e+00 0.000000000000000000e+00
4.303921222686767578e+00 -3.675178527832031250e+00 -3.972604990005493164e+00 1.000000000000000000e+00 0.000000000000000000e+00 0.000000000000000000e+00
2.788627147674560547e+00 -2.821715593338012695e+00 -2.721739768981933594e+00 1.000000000000000000e+00 0.000000000000000000e+00 0.000000000000000000e+00
2.456946372985839844e-01 -2.441899776458740234e+00 3.478993177413940430e-01 0.000000000000000000e+00 0.000000000000000000e+00 1.000000000000000000e+00
-3.125586509704589844e+00 3.304437398910522461e+00 -2.152438879013061523e+00 0.000000000000000000e+00 1.000000000000000000e+00 0.000000000000000000e+00
-1.512888669967651367e+00 -4.418080449104309082e-01 -1.341640502214431763e-01 0.000000000000000000e+00 1.000000000000000000e+00 0.000000000000000000e+00
-1.099339723587036133e+00 -3.138671517372131348e-01 2.099178791046142578e+00 0.000000000000000000e+00 1.000000000000000000e+00 1.000000000000000000e+00
-3.167931139469146729e-01 -7.231112718582153320e-01 1.283433437347412109e+00 0.000000000000000000e+00 0.000000000000000000e+00 1.000000000000000000e+00
-2.573637723922729492e+00 2.548582553863525391e+00 1.038081049919128418e+00 1.000000000000000000e+00 1.000000000000000000e+00 0.000000000000000000e+00
-3.451197862625122070e+00 9.555121064186096191e-01 1.987299323081970215e+00 0.000000000000000000e+00 1.000000000000000000e+00 0.000000000000000000e+00
-9.050463438034057617e-01 -1.253911137580871582e+00 2.003733396530151367e+00 0.000000000000000000e+00 0.000000000000000000e+00 1.000000000000000000e+00
-3.972051382064819336e+00 9.210646748542785645e-01 4.316408157348632812e+00 0.000000000000000000e+00 1.000000000000000000e+00 1.000000000000000000e+00
-2.545283079147338867e+00 1.046781063079833984e+00 8.437676727771759033e-02 0.000000000000000000e+00 1.000000000000000000e+00 1.000000000000000000e+00
-2.870010852813720703e+00 1.888405978679656982e-01 2.222596645355224609e+00 0.000000000000000000e+00 0.000000000000000000e+00 1.000000000000000000e+00
-1.161695837974548340e+00 -1.161570474505424500e-01 1.014521718025207520e-01 0.000000000000000000e+00 1.000000000000000000e+00 0.000000000000000000e+00
3.877533435821533203e+00 -3.389938592910766602e+00 -3.933095932006835938e+00 1.000000000000000000e+00 0.000000000000000000e+00 0.000000000000000000e+00
-2.821671724319458008e+00 -1.413684338331222534e-01 3.128179073333740234e+00 0.000000000000000000e+00 1.000000000000000000e+00 0.000000000000000000e+00
-4.197959423065185547e+00 4.376316070556640625e+00 -2.146218568086624146e-01 0.000000000000000000e+00 1.000000000000000000e+00 0.000000000000000000e+00
-5.067694664001464844e+00 4.443815231323242188e+00 1.939688920974731445e+00 0.000000000000000000e+00 1.000000000000000000e+00 0.000000000000000000e+00
-3.538549900054931641e+00 1.362977504730224609e+00 2.619787216186523438e+00 0.000000000000000000e+00 0.000000000000000000e+00 1.000000000000000000e+00
-2.777463674545288086e+00 -8.923122286796569824e-01 6.051439762115478516e+00 0.000000000000000000e+00 0.000000000000000000e+00 1.000000000000000000e+00
4.523418903350830078e+00 -3.655686140060424805e+00 -4.143181324005126953e+00 1.000000000000000000e+00 0.000000000000000000e+00 0.000000000000000000e+00
-2.693578720092773438e+00 2.034790277481079102e+00 4.375260472297668457e-01 0.000000000000000000e+00 1.000000000000000000e+00 1.000000000000000000e+00
-2.081464290618896484e+00 3.448281586170196533e-01 8.265775442123413086e-02 0.000000000000000000e+00 1.000000000000000000e+00 0.000000000000000000e+00
-3.992259263992309570e+00 6.909613013267517090e-01 5.773920536041259766e+00 0.000000000000000000e+00 1.000000000000000000e+00 1.000000000000000000e+00
1.419459104537963867e+00 -1.853724479675292969e+00 -2.152827262878417969e+00 1.000000000000000000e+00 0.000000000000000000e+00 0.000000000000000000e+00
-4.231023788452148438e+00 5.462484836578369141e+00 -1.476266145706176758e+00 0.000000000000000000e+00 1.000000000000000000e+00 0.000000000000000000e+00
2.293111324310302734e+00 -2.403024673461914062e+00 -2.941020965576171875e+00 1.000000000000000000e+00 0.000000000000000000e+00 0.000000000000000000e+00
-2.745492935180664062e+00 3.299888610839843750e+00 -8.723125457763671875e-01 0.000000000000000000e+00 1.000000000000000000e+00 0.000000000000000000e+00
3.429685831069946289e+00 -3.321650028228759766e+00 -2.846617937088012695e+00 1.000000000000000000e+00 0.000000000000000000e+00 0.000000000000000000e+00
4.349152565002441406e+00 -3.821780681610107422e+00 -4.015913486480712891e+00 1.000000000000000000e+00 0.000000000000000000e+00 0.000000000000000000e+00
-2.646692037582397461e+00 2.464361190795898438e+00 -1.402821898460388184e+00 0.000000000000000000e+00 1.000000000000000000e+00 0.000000000000000000e+00
2.559269189834594727e+00 -2.648706912994384766e+00 -2.470295190811157227e+00 1.000000000000000000e+00 0.000000000000000000e+00 0.000000000000000000e+00
-3.811002254486083984e+00 1.216149330139160156e+00 3.968040704727172852e+00 0.000000000000000000e+00 1.000000000000000000e+00 1.000000000000000000e+00
1.551848292350769043e+00 -1.492249727249145508e+00 -2.314229011535644531e+00 1.000000000000000000e+00 0.000000000000000000e+00 0.000000000000000000e+00
-3.525783300399780273e+00 6.766062974929809570e-01 3.091503858566284180e+00 0.000000000000000000e+00 1.000000000000000000e+00 1.000000000000000000e+00
