101_╬т╗└╒ф20180311005F_01R.jpg,0,1,0
102_╤█╡╫═╝╧ё1 (1301).jpg,1,0,0
101_║г╖я╧╚20200317002F_03R.jpg,0,0,1
102_╤█╡╫═╝╧ё1 (19).jpg,1,0,0
109_│┬╣·│╔20200916007F_02R.jpg,0,1,0
101_│┬╕╒20180727006F_01L.jpg,0,1,0
103_0020160803005F_01L.jpg,1,0,0
102_╤█╡╫═╝╧ё1 (1906).jpg,1,0,0
104_44.jpg,0,1,0
110_╤╒╖╔20200528001F_02L.jpg,1,0,0
102_╤█╡╫═╝╧ё1 (364).jpg,1,0,0
101_░╫╦╔│м20180108013F_01R.jpg,0,1,0
101_═ї╣Ё╖╥20200929001F_02R.jpg,0,1,0
101_│┬╥х20190211005F_02R.jpg,0,1,0
107_┐┬╚╩╬ф20190912005F_02L.jpg,1,0,0
110_┬щ╛┤╧═20191016005F_04R.jpg,1,0,0
104_╒╘╓╛▒°20190117002F_01L.jpg,1,0,0
102_╤█╡╫═╝╧ё1 (367).jpg,1,0,0
102_╤█╡╫═╝╧ё1 (1550).jpg,1,0,0
101_┬э╘┬╧╝20180324000F_02L.jpg,0,1,1
103_█│├└║щ20170703004F_03L.jpg,0,0,1
102_╠х╝ь╓╨╨─ (682).jpg,1,0,0
102_╤█╡╫═╝╧ё1 (1337).jpg,1,0,0
110_╔│╢и║╧20200708009F_01L.jpg,0,1,1
110_╠╞┴°├├20200311005F_03L.jpg,1,0,0
101_┬эцд20181001007F_02L.jpg,0,1,0
101_═ї─▄20200525004F_01R.jpg,0,1,1
102_╠х╝ь╓╨╨─ (961).jpg,1,0,0
110_╨ь╧╝20200527001F_01L.jpg,1,0,0
107_┴╓╦╒╤Ї20201124016F_01R.jpg,1,0,0
110_╩й╒¤╙ё20200408003F_02R.jpg,1,0,0
101_╣∙┤║╖╝20200519005F_01R.jpg,0,0,1
101_└ю╨б┤ц20200521009F_01R.jpg,0,0,1
109_206936420200805007F_02R.jpg,1,0,0
110_═ї╣·╨╦20191109001F_03R.jpg,0,1,1
101_┬э│д╙╨20200523063F_01R.jpg,0,0,1
101_╤ю╜Ё╢е20200720003F_01R.jpg,0,1,1
103_╨▄╙ю═о20180704004F_02L.jpg,1,0,0
101_═ї╬░20181228004F_02L.jpg,0,0,1
101_╦я╔ч20191112001F_01L.jpg,0,0,1
101_┼с╣у╚║20200523029F_02L.jpg,1,0,0
102_╤█╡╫═╝╧ё1 (231).jpg,1,0,0
110_╦я║ъ╬░20201117009F_01R.jpg,1,0,0
110_╟о╬└╚║20200320001F_02L.jpg,1,0,0
101_╦я╙ё╒ф20190114000F_03L.jpg,0,1,1
103_└ю└╧┼о20170217003F_08L.jpg,0,0,1
101_╘м╝╠░▓20180807001F_02L.jpg,1,0,1
101_╕▀╩щ╒ё20200522006F_02L.jpg,0,0,1
2021_ 1_17_ 9_58_10_305_@#$25OD.jpg,0,0,1
101_╬т╨┬╜▄20180127002F_07L.jpg,1,0,0
105_│┬╙ё╞╜20191226001F_07R.jpg,1,0,0
104_┼╖┤л▒є20190308002F_01R.jpg,0,1,0
107_╜Ё╥ц╟┼20200630007F_01L.jpg,0,1,1
101_╒┼╜и╙к20181229001F_01R.jpg,1,1,0
108_║╬╚╩╗╢20201008004F_02R.jpg,0,1,0
107_┴╓╨█╗к20201112002F_03L.jpg,1,0,0
102_╤█╡╫═╝╧ё1 (2327).jpg,1,0,0
101_═ї╣·╒┬20180515002F_02L.jpg,0,1,1
102_╠х╝ь╓╨╨─ (1079).jpg,1,0,0
101_║╬╜Ё┴с20200522000F_01R.jpg,0,0,1
102_╤█╡╫═╝╧ё1 (488).jpg,1,0,0
108_╗к║г╨┬20200803003F_01L.jpg,0,0,1
104_║л╘є─╧20190320007F_01L.jpg,1,0,0
109_╔Є╓┘├ё20200926001F_01L.jpg,0,1,1
104_╕▀├ю╒ъ20161226007F_02R.jpg,0,1,1
107_╜Ё╥ц╟┼20200630007F_03R.jpg,0,1,0
107_┴╓╘╞└╝20200924004F_01L.jpg,0,0,1
101_╖ы├╖└╝20190110000F_02R.jpg,0,1,0
102_╠х╝ь╓╨╨─ (346).jpg,1,0,0
101_│┬╩щ╜°20200521033F_01R.jpg,0,0,1
105_│┬┴·╚є20200722007F_02L.jpg,1,0,0
108_╗к║г╨┬20200720004F_02L.jpg,0,0,1
103_╬╠╨б╘╞20160627006F_07L.jpg,0,0,1
104_╦╬╗▌╒ф20190107023F_03L.jpg,0,0,1
101_╕▀╢л╔¤20180815000F_02L.jpg,0,1,1
101_╦я╙ё╒ф20190114000F_04R.jpg,0,1,1
101_╚╬┴ю╛№20191117000F_03L.jpg,1,0,0
101_╓г╨б╟╔20190117002F_01L.jpg,0,0,1
104_┴ї╕∙20190221008F_02R.jpg,1,0,0
101_╣∙╡ч│╜20180102007F_02L.jpg,0,1,1
102_╤█╡╫═╝╧ё1 (921).jpg,1,0,0
101_│┬╬х╖х20200522023F_03L.jpg,0,0,1
101_╖ы│п╦╔20200325002F_02L.jpg,1,0,0
102_╤█╡╫═╝╧ё1 (195).jpg,1,0,0
101_└ю╙н┤║20181028003F_02L.jpg,1,1,0
101_░╫20200821004F_01L.jpg,0,0,1
101_┴ї╕─╚┘20180403013F_03L.jpg,0,1,0
107_└ю╜и▒°20200424001F_01R.jpg,0,1,1
101_ё╝╧▓╔·20200430002F_02R.jpg,0,1,0
102_╠х╝ь╓╨╨─ (838).jpg,1,0,0
103_╦╬╨√╚ё20180717001F_02L.jpg,1,0,0
103_╨э┴╝20181114013F_01L.jpg,0,1,1
101_╢б╛№╙к20180714001F_01L.jpg,1,0,0
106_┤ў╓╛┴°20200527012F_02R.jpg,0,1,0
101_│■┴м╗и20190705001F_01R.jpg,0,1,0
102_╤█╡╫═╝╧ё1 (713).jpg,1,0,0
106_╡╥╜ї╩╪20200922008F_02L.jpg,1,0,0
103_╘м╛╒┴м20170424001F_02L.jpg,0,1,1
102_╠х╝ь╓╨╨─ (1423).jpg,0,1,0
104_╜Ё╨╦╧▓20190328010F_02L.jpg,1,0,0
102_╤█╡╫═╝╧ё1 (964).jpg,1,0,0
101_╢б╩щ╫к20200522003F_01R.jpg,0,0,1
110_╧─├└ю╬20200818009F_01R.jpg,0,1,0
102_╤█╡╫═╝╧ё1 (850).jpg,1,0,0
101_╓▄╓ж20200521005F_04L.jpg,0,0,1
103_╬╠╨б╘╞20160627006F_02L.jpg,0,0,1
104_╒┼╡ш░▓20170704004F_07R.jpg,1,1,1
102_╤█╡╫═╝╧ё1 (1956).jpg,1,0,0
101_╢н╤▐╜▄20181113002F_03R.jpg,0,1,1
101_═ї╧╓╛№20190102005F_04R.jpg,0,1,0
102_╤█╡╫═╝╧ё1 (1977).jpg,1,0,0
101_╒┼╚Ё╛¤20180608003F_01R.jpg,0,0,1
103_┴·╤▐20181116003F_01R.jpg,1,0,0
101_╞ы┤є├ё20200520026F_01L.jpg,0,0,1
P072213os.jpg,0,0,1
101_┴ї├ў└√20181129000F_01L.jpg,0,1,1
101_╥є20180711000F_02R.jpg,0,1,1
102_╤█╡╫═╝╧ё1 (247).jpg,1,0,0
102_╠х╝ь╓╨╨─ (1207).jpg,1,0,0
102_╤█╡╫═╝╧ё1 (1662).jpg,1,0,0
101_╒┼╟я╧у20201230000F_01L.jpg,1,0,0
108_╗╞╬─└╫20200702011F_02L.jpg,1,0,0
110_┼╦╛╝║▓20190820001F_01L.jpg,1,0,0
101_╢б╩щ╫к20200522003F_02L.jpg,0,0,1
110_┼╦╢м├╖20201225004F_02L.jpg,1,0,0
108_╗╞╧■╙в20201029004F_06R.jpg,1,0,0
104_╫п╤х╙ё20190318001F_02R.jpg,1,0,0
102_╤█╡╫═╝╧ё1 (782).jpg,1,0,0
104_╓╙╧ш20190128003F_01R.jpg,1,0,0
101_╒┼╜и╓╨20180525000F_02L.jpg,0,1,0
108_║╬│ч╣·20200401006F_02L.jpg,1,1,0
110_╧─╢√╒∙20200812003F_05R.jpg,0,1,0
101_╦я╔ч20191116001F_01L.jpg,0,0,1
103_╬┤╒╨╧у20171113006F_01R.jpg,1,1,0
101_░╫╠·╔╜20181018002F_01R.jpg,1,0,0
107_┴╓│╔╣т20210107007F_01L.jpg,1,0,0
101_┴ї╛й╖ц20200731020F_02R.jpg,0,1,0
101_═ї╙ё│╔20200520004F_01R.jpg,0,1,1
101_╢н╩щ╖╝20180209000F_01R.jpg,0,0,1
101_┴ї╦л╗│20200519051F_04R.jpg,0,0,1
101_└ю╩щ╧у20180408000F_02L.jpg,0,1,1
101_╢б╨у╛╒20180302004F_02L.jpg,0,1,1
101_╙┌╣Ё╗и20180305000F_03L.jpg,1,0,0
103_╬т╚ъ║╞20180623001F_03L.jpg,1,0,0
101_╖о│╔╠╬20180609000F_02L.jpg,0,0,1
101_╒┼╩щ▓╙20181028002F_05R.jpg,0,0,1
101_у╞╗и╖█20190722000F_04R.jpg,0,0,1
101_╡╘╜Ё╓∙20190123005F_02L.jpg,1,0,0
101_└ю╙ё▓╩20180613001F_05L.jpg,0,1,1
102_╤█╡╫═╝╧ё1 (2403).jpg,1,0,0
102_╤█╡╫═╝╧ё1 (2139).jpg,1,0,0
102_╤█╡╫═╝╧ё1 (1147).jpg,1,0,0
101_╤ю╜э20180223004F_02L.jpg,0,1,0
101_╜╣╧■╛ъ20181116000F_04R.jpg,0,0,1
P072237od.jpg,0,1,0
102_╠х╝ь╓╨╨─ (832).jpg,1,0,0
102_╤█╡╫═╝╧ё1 (487).jpg,1,0,0
104_╬т╝с├ў20170720003F_06R.jpg,0,0,1
101_╒┼╟я║ь20200522052F_02L.jpg,0,0,1
110_╬т╔┘╘┬20200929003F_01R.jpg,1,0,0
101_╣∙╨┬│╟20200512002F_02L.jpg,1,0,0
102_╤█╡╫═╝╧ё1 (1423).jpg,1,0,0
101_╨ь╙└╞╜20180422004F_01R.jpg,0,0,1
102_╤█╡╫═╝╧ё1 (2333).jpg,1,0,0
101_└ю╗иц├20200520044F_03L.jpg,0,1,0
101_╓▄║═╨┬20180123010F_03L.jpg,0,1,0
106_╣∙╬┤╗к20200608003F_03L.jpg,0,1,1
102_╤█╡╫═╝╧ё1 (1382).jpg,1,0,0
101_░╫╨б─▄20191102000F_03L.jpg,0,1,0
102_╤█╡╫═╝╧ё1 (418).jpg,1,0,0
101_╘м╝╠░▓20180807001F_01R.jpg,1,1,1
101_└ю╓╬╝╥20180515001F_04R.jpg,0,0,1
P072413od.jpg,0,1,0
103_╨ь▓й┤╧20180712002F_05L.jpg,1,0,0
102_╤█╡╫═╝╧ё1 (2192).jpg,1,0,0
101_╖ы╓╟╗█20190408007F_02R.jpg,0,0,1
102_╤█╡╫═╝╧ё1 (1135).jpg,1,0,0
103_╬т╨у┴м20171127000F_05L.jpg,0,0,1
107_┴║╨у╧└20200321002F_01R.jpg,0,1,0
106_╣╚╜и▓╘20190823004F_01R.jpg,1,0,0
101_│┬▓╩20190201000F_01L.jpg,0,0,1
102_╤█╡╫═╝╧ё1 (2125).jpg,1,0,0
110_╬т└√└Ў20190617012F_01R.jpg,1,1,1
102_╠х╝ь╓╨╨─ (1199).jpg,1,0,0
101_┴ї╖я╓е20200519018F_01R.jpg,0,0,1
107_╜Ё╕▀╖х20201015002F_03L.jpg,1,0,0
102_╠х╝ь╓╨╨─ (56).jpg,1,0,0
101_└ю└╧▒ф20200731006F_02R.jpg,0,1,1
108_║╬│д║╞20190725002F_02R.jpg,0,1,1
101_│┬┐б╞╒20180315002F_01L.jpg,0,1,0
103_╒┼┤я╓╨20180201001F_01R.jpg,1,0,0
101_└ю╗иц├20200520044F_02R.jpg,0,1,0
109_▓▄▒∙├╖20200717011F_02L.jpg,0,0,1
101_╔ъ╗└ц╖20200520002F_01R.jpg,0,0,1
102_╠х╝ь╓╨╨─ (798).jpg,1,0,0
110_╬╠╜и╣·20200911003F_02L.jpg,1,0,0
101_╨ь┤║╖ч20190714002F_03L.jpg,1,1,0
101_═ї╠й╔╜20201214001F_04L.jpg,0,0,1
101_╗╞▒у20210120000F_03L.jpg,0,0,1
103_╙╬╣·╒¤20151102008F_62L.jpg,0,1,1
110_┴╓╥°╙╨20190815008F_02L.jpg,1,1,1
102_╠х╝ь╓╨╨─ (1422).jpg,0,1,0
101_╬║╜Ё╔¤20190916004F_01R.jpg,0,1,0
101_╣∙║ь╬└20190128001F_02L.jpg,0,1,1
102_╠х╝ь╓╨╨─ (468).jpg,1,0,0
101_╦╬╜и╓╥20200520017F_02L.jpg,0,1,1
101_┴ї╗к═д20200515024F_01R.jpg,0,1,0
072106od.jpg,0,1,0
101_═ї╠ь┐№20190215003F_01L.jpg,0,1,1
102_╠х╝ь╓╨╨─ (12).jpg,1,0,0
104_╒╘╓╛▒°20190117002F_03L.jpg,1,0,1
102_╠х╝ь╓╨╨─ (1045).jpg,1,0,0
101_┬м╟я┐╦20180927001F_01L.jpg,0,1,1
102_╤█╡╫═╝╧ё1 (1912).jpg,1,0,0
102_╤█╡╫═╝╧ё1 (1632).jpg,1,0,0
101_└ю╜с╩╡20200519016F_01R.jpg,0,0,1
S072333od.jpg,0,1,0
101_╨ь╤х╬░20180802005F_04R.jpg,1,0,1
105_│┬╨ж╞╝20201230001F_04R.jpg,1,0,1
107_└юШ┼┤╧20200409003F_03L.jpg,0,1,1
101_╒╘╡╦│м20200417000F_07L.jpg,1,0,0
102_╤█╡╫═╝╧ё1 (1021).jpg,1,0,0
109_▓╠═Є─ъ20201020006F_02L.jpg,0,1,1
101_═ї╥°╓е20190506005F_01R.jpg,0,0,1
110_┴ї┴с╬в20190908001F_01R.jpg,0,0,1
101_└ю╘╞┼Ї20200502002F_01L.jpg,1,0,0
101_│╠│д░▓20190727000F_01R.jpg,0,1,0
102_╤█╡╫═╝╧ё1 (1383).jpg,1,0,0
103_╙╬╣·╒¤20151102008F_66L.jpg,0,1,0
110_┴ї╜и┼Ї20190628004F_01L.jpg,1,0,0
101_╣∙║г╚║20180105001F_03R.jpg,0,1,0
101_╒┼░о╖╝20200526050F_03L.jpg,0,1,0
101_╓▄┤║╖ч20180707001F_03L.jpg,0,1,0
102_╤█╡╫═╝╧ё1 (245).jpg,1,0,0
102_╠х╝ь╓╨╨─ (452).jpg,0,0,1
101_╣∙╜и╖х20200521002F_02L.jpg,0,0,1
101_╒ч╩щ╧╝20180128000F_03L.jpg,0,1,0
101_╦я╨у╟┘20200526032F_01R.jpg,1,1,0
101_│┬╦ь╚║20180611002F_01L.jpg,0,1,1
102_╠х╝ь╓╨╨─ (1046).jpg,1,0,0
101_╕▀░о╬░20200516021F_02L.jpg,0,1,1
101_╢н╤▐╜▄20181113002F_07L.jpg,0,1,1
108_║╬│д║╞20190725002F_01L.jpg,0,1,0
102_╠х╝ь╓╨╨─ (450).jpg,0,0,1
101_└ю╨б┤ц20200521009F_02L.jpg,0,0,1
105_│┬╙└╒ў20200728010F_02L.jpg,0,1,1
108_╜н├└╟я20191206001F_01L.jpg,0,0,1
102_╤█╡╫═╝╧ё1 (1315).jpg,1,0,0
102_╤█╡╫═╝╧ё1 (553).jpg,1,0,0
101_┬э╓╛╒ф20180110000F_01R.jpg,0,0,1
102_╤█╡╫═╝╧ё1 (1295).jpg,1,0,0
102_╠х╝ь╓╨╨─ (1044).jpg,1,0,0
102_╤█╡╫═╝╧ё1 (240).jpg,1,0,0
110_╬╠╣·┴·20200916010F_01R.jpg,0,1,1
101_└ю╜▄20180810002F_02L.jpg,0,1,1
101_│┬╒╝╖х20200521024F_02R.jpg,0,1,0
103_╨▄├└╩п20171213001F_01R.jpg,0,1,1
101_╟╪╗с│м20200910001F_07R.jpg,0,1,0
072101od.jpg,0,1,0
110_═ї╨у└╝20200603002F_02R.jpg,1,1,0
102_╤█╡╫═╝╧ё1 (2316).jpg,1,0,0
104_╩╖╣Ё└╝20190322010F_02L.jpg,1,0,0
101_╒╘╟┘╗и20181001008F_01L.jpg,0,1,0
101_╦я╣є╖╥20200522046F_02L.jpg,0,0,1
101_╒┼═м20200526026F_01R.jpg,0,0,1
107_╜Ё╔┘╬в20200530004F_01R.jpg,0,0,1
101_╓г░о├╖20190915001F_04L.jpg,0,1,1
101_┴ї╩└╕ж20190916001F_01R.jpg,1,0,0
108_║╬╤з╨█20210115003F_04R.jpg,1,0,0
103_╙╬╣·╒¤20151102008F_71L.jpg,0,1,1
101_╓г░о├╖20200525051F_03R.jpg,0,1,1
107_└юягяг20201225006F_01L.jpg,1,0,0
110_╧─╢√╒∙20200812003F_11R.jpg,0,1,0
072013os.jpg,0,1,0
110_╨ь╧№╟я20201204001F_06L.jpg,1,0,0
110_╦я╓╨rao20191211006F_02L.jpg,1,0,0
101_╟№║г▒Є20180227002F_03R.jpg,0,1,0
103_═Є╗и╞╜20171212001F_28L.jpg,0,1,1
110_═ї╦ц╥х20201021005F_01L.jpg,1,0,0
102_╤█╡╫═╝╧ё1 (363).jpg,1,0,0
101_╒┼╬─╧щ20180428007F_01R.jpg,0,1,1
107_└╢┴ш╘╞20201015001F_02L.jpg,1,0,0
110_╨ь╘┬╗к20191107008F_07L.jpg,0,1,0
2021_ 1_23_10_ 0_19_298_@#$31OD.jpg,0,1,0
105_│┬└Ў╟┘20200720003F_02R.jpg,1,0,0
101_┬э░о╙в20200519047F_01R.jpg,0,1,1
101_╓г╦ь╗и20181225005F_01L.jpg,1,1,0
102_╤█╡╫═╝╧ё1 (366).jpg,1,0,0
102_╠х╝ь╓╨╨─ (1570).jpg,1,0,0
101_╗Ї╟р├п20201003000F_01R.jpg,0,1,0
101_┴ї╕─╚┘20180403013F_01R.jpg,0,1,1
101_┴ї│м╧╓20201122003F_01R.jpg,0,0,1
104_═Є╣Ё╗к20190228001F_01R.jpg,1,0,0
104_╕Ё╓╥20190324004F_02R.jpg,1,0,0
101_╒╘╩щ╥х20200803033F_01L.jpg,0,1,1
101_╦╛╖я╟┘20190216000F_02R.jpg,0,1,1
109_╘°│■ф┐20200825001F_02L.jpg,1,0,0
103_╨▄╙б╗и20170528003F_01R.jpg,0,0,1
102_╤█╡╫═╝╧ё1 (536).jpg,1,0,0
102_╠х╝ь╓╨╨─ (764).jpg,1,0,0
101_┴║┼р╘░20190816001F_03R.jpg,0,1,0
101_╟о╖я├Ї20180706002F_02R.jpg,0,0,1
101_╢┼╨┬╘╛20200421002F_05L.jpg,0,1,1
101_┬э╝╠┼╩20200615000F_04R.jpg,0,0,1
101_╣∙╒╝╬░20190120002F_01L.jpg,0,1,0
102_╤█╡╫═╝╧ё1 (560).jpg,1,0,0
104_│┬└╝╛╒20161223010F_04L.jpg,1,0,0
101_┬э│д╙╨20191118002F_02L.jpg,0,1,1
109_╘°│■ф┐20200825001F_01R.jpg,1,0,0
101_│┬╕г╧щ20180808000F_01R.jpg,0,1,1
101_╬║║ь╓ж20201115003F_01R.jpg,0,0,1
110_─▀╜и─╧20200806004F_01L.jpg,0,0,1
101_╓г╗и╛╒20181126003F_05L.jpg,0,0,1
103_╒┼┤я╓╨20180201001F_02L.jpg,1,0,0
2021_ 1_10_10_16_10_848_@#$32OS.jpg,1,1,0
102_╤█╡╫═╝╧ё1 (1708).jpg,1,0,0
105_│┬╜ї╗к20201118010F_01L.jpg,1,0,0
102_╤█╡╫═╝╧ё1 (1098).jpg,1,0,0
101_┬э╛№│п20180725004F_05R.jpg,0,1,1
103_░╫╩ч╖╥20181114017F_02R.jpg,0,1,0
101_╘м╝╠░▓20190606002F_01L.jpg,1,0,1
101_╓▄┤║╖ч20180707001F_01L.jpg,0,1,0
101_═ї├╖└╝20180719005F_01L.jpg,0,1,0
110_╬┬╗│╠∙20190612001F_02R.jpg,0,1,1
101_╣∙┤ф╗и20190320003F_02R.jpg,0,1,1
101_╣м╥°═г20201022003F_01L.jpg,0,1,1
103_╤ю│д╦│20171101003F_05L.jpg,1,0,0
102_╠х╝ь╓╨╨─ (98).jpg,1,0,0
101_╣∙╘╞┴·20180628001F_02L.jpg,0,1,0
107_└ю╧■╨╟20190621000F_01L.jpg,1,1,0
S072333os.jpg,0,1,0
101_│┬ъ═╟┐20200604000F_01L.jpg,0,1,1
104_у╞╖╔╖╔20190120011F_01L.jpg,1,0,0
102_╤█╡╫═╝╧ё1 (1585).jpg,1,0,0
101_┴ї├ў└√20181129003F_01L.jpg,0,1,1
101_╨╧┤║╙в20200525050F_02L.jpg,0,0,1
103_╙р╥ц├Ї20180611005F_01L.jpg,1,0,0
104_├╧╜°╧▓  ╓╨╤ы╛▓╫ш.jpg,0,0,1
102_╤█╡╫═╝╧ё1 (165).jpg,1,0,0
101_╤ю═Є╦╔20180801003F_02L.jpg,0,1,0
101_╖ы║г╞╝20180323002F_01R.jpg,1,0,0
101_└ю═Є┤║20200514000F_02L.jpg,0,1,1
102_╤█╡╫═╝╧ё1 (2114).jpg,1,0,0
101_═ї╙ё│╔20180330003F_01L.jpg,0,1,1
101_╜п┴∙╜Ё20190116004F_01R.jpg,0,1,0
101_└ю┬є╚ж20200522056F_02L.jpg,0,1,1
106_╣╝╥╦║щ20200806002F_01R.jpg,0,1,0
101_╕▀░о╬░20181015002F_01R.jpg,0,1,1
102_╠х╝ь╓╨╨─ (914).jpg,1,0,0
105_│┬╙ё└╝20200507004F_05R.jpg,1,0,0
102_╤█╡╫═╝╧ё1 (486).jpg,1,0,0
101_┴ї╚┘Ў╬20190511001F_01R.jpg,0,1,1
102_╤█╡╫═╝╧ё1 (259).jpg,1,0,0
101_╝╓╚Ё╒ф20180423002F_02R.jpg,0,1,0
110_═їц├ц├20200717008F_01R.jpg,1,0,0
107_└ю╜и┐╡20200819004F_01L.jpg,1,0,0
103_└ю└╧┼о20170217003F_12L.jpg,0,0,1
102_╤█╡╫═╝╧ё1 (1028).jpg,1,0,0
103_│╠╛▓20150807005F_01L.jpg,1,0,0
102_╤█╡╫═╝╧ё1 (538).jpg,1,0,0
102_╠х╝ь╓╨╨─ (797).jpg,1,0,0
104_┬╜╟█20190308004F_02L.jpg,1,0,0
101_у╞▒у20190401004F_02L.jpg,1,1,0
101_═ї╦о┴╓20190114002F_03R.jpg,1,0,0
102_╤█╡╫═╝╧ё1 (1329).jpg,1,0,0
110_═ї╥р▒°20200515007F_01R.jpg,0,1,1
110_┼╦╬в╟я20200603001F_02R.jpg,1,0,0
101_╕▀╟я╨└20200523007F_01R.jpg,0,1,0
101_├ч╜и╬░20200724002F_01R.jpg,1,0,0
101_╜·╗и20180711010F_02R.jpg,0,1,0
101_╒┼╕─╗и20200516034F_02L.jpg,0,1,0
101_╣▄╙ё╙в20200520016F_02L.jpg,0,1,1
101_═ї╥°╓е20190406002F_01R.jpg,0,0,1
101_╣∙╜и╒┬20180114000F_02L.jpg,0,1,1
102_╤█╡╫═╝╧ё1 (1675).jpg,0,1,0
110_╨ь╨└20190828001F_05R.jpg,0,1,1
101_╙┌╟я╖╥20180225004F_02L.jpg,0,1,1
101_╒╘╠·╖х20200516001F_01R.jpg,0,1,1
103_╤ю╞╕├╖20181115009F_01L.jpg,1,0,0
101_┴ї╦л└╝20200507000F_04R.jpg,0,1,1
101_╒╘╣·╙╨20190213000F_01R.jpg,0,1,0
101_╒╘╜и╣·20190929001F_02R.jpg,0,1,1
102_╤█╡╫═╝╧ё1 (1790).jpg,1,0,0
104_└ю┤║┴л20160311003F_06R.jpg,0,1,1
P072222os.jpg,0,1,0
102_╤█╡╫═╝╧ё1 (1707).jpg,1,0,0
101_╖о╬─╛┘20181130001F_02L.jpg,0,1,1
110_╬╠╣·┴·20200916010F_03R.jpg,0,1,1
101_═ї╬░╟╒20200727005F_02R.jpg,0,1,1
107_╜Ё└Ў20191011001F_01R.jpg,1,0,0
101_╕▀░о╬░20181015002F_02L.jpg,0,0,1
101_╒┼╦╔┴┴20200516032F_02R.jpg,0,0,1
102_╤█╡╫═╝╧ё1 (451).jpg,1,0,0
104_░▓╨у═┼20160810000F_02L.jpg,1,0,1
102_╤█╡╫═╝╧ё1 (773).jpg,1,0,0
101_╣▄╙ё╙в20200520016F_01R.jpg,0,0,1
101_╒┼╗█╧╝20181117002F_02L.jpg,0,1,0
104_│┬▒ж╓╥20160616003F_02L.jpg,0,1,0
105_│┬╥ц╧г20201105008F_02L.jpg,1,1,0
102_╤█╡╫═╝╧ё1 (164).jpg,1,0,0
104_╣и╕╗╜б20190221005F_03L.jpg,0,1,1
101_└ю╦о┴╓20180727003F_03R.jpg,0,0,1
101_╤ю╜Ё╓╨20180224006F_01R.jpg,0,1,1
107_┴╓╚║20201225001F_02R.jpg,0,0,1
103_└ю┴л╖╥20191112002F_05L.jpg,1,0,0
101_╝╓░о╛╒20190217001F_03R.jpg,0,1,1
104_╕Ё╚┘╓щ20161205013F_01L.jpg,0,0,1
2021_ 1_10_ 9_30_40_203_@#$31OD.jpg,0,1,0
109_│┬╣╪╔н20200806010F_02R.jpg,0,1,0
102_╤█╡╫═╝╧ё1 (1190).jpg,1,0,0
S072231od.jpg,0,1,0
101_╒╘╥°╞ц20200519007F_01R.jpg,0,0,1
104_╬т╤╙┼р20170104012F_02R.jpg,0,1,1
101_┬э╘┬╧╝20180324000F_01R.jpg,0,0,1
102_╤█╡╫═╝╧ё1 (1394).jpg,1,0,0
103_└ю╗█20150725001F_03R.jpg,0,0,1
102_╤█╡╫═╝╧ё1 (638).jpg,1,0,0
110_┬щ╙└┴┴20200721006F_01R.jpg,0,1,1
101_┬э║щ20200516023F_01R.jpg,1,0,0
101_╖о╣Ё╘╞20190318003F_04L.jpg,0,0,1
101_╣∙╨б╬х20181224000F_02R.jpg,1,0,0
102_╤█╡╫═╝╧ё1 (2317).jpg,1,0,0
109_│┬░▓┼Ї20201107003F_01R.jpg,1,0,0
101_└ю╤╟щк20181110003F_02R.jpg,0,1,1
102_╤█╡╫═╝╧ё1 (1159).jpg,1,0,0
104_═ї╘┬╙в20190328006F_01R.jpg,1,0,0
110_╨╗╨б╤р20200709001F_03L.jpg,1,0,0
105_│┬╜ї┤║20210113004F_01R.jpg,0,1,1
101_╟о╬─└┤20180602004F_03R.jpg,0,1,1
102_╠х╝ь╓╨╨─ (179).jpg,0,1,0
101_╓▄╗и├└20200525025F_01R.jpg,0,1,0
107_╜Ё╨б╘╞20200715001F_03R.jpg,1,0,0
101_┴ї╩└╕ж20190916001F_02L.jpg,1,1,1
101_┴ї╜и├Ї20180412002F_02L.jpg,0,1,1
103_└ю╗█20150725001F_10R.jpg,0,0,1
103_└ю╦╝║└20170802004F_01R.jpg,1,0,0
102_╤█╡╫═╝╧ё1 (484).jpg,1,0,0
102_╤█╡╫═╝╧ё1 (365).jpg,1,0,0
103_═ї╦о╔·20180625006F_09R.jpg,0,1,0
101_╟╟╬░╢л20180221007F_02L.jpg,1,0,0
110_┴ї╜и╣·20200829001F_01L.jpg,0,0,1
102_╠х╝ь╓╨╨─ (1384).jpg,1,0,0
102_╤█╡╫═╝╧ё1 (770).jpg,1,0,0
101_╖ы╤й20200519034F_02L.jpg,0,0,1
102_╤█╡╫═╝╧ё1 (1082).jpg,1,0,0
103_└ю┤║╖я20171030005F_12R.jpg,0,1,0
101_═ї║г╖х20180509003F_02L.jpg,0,0,1
101_╒╘▒ж╓╟20200515002F_02L.jpg,0,0,1
102_╤█╡╫═╝╧ё1 (18).jpg,1,0,0
101_╣м╥°═в20180119004F_02L.jpg,0,0,1
102_╠х╝ь╓╨╨─ (1227).jpg,1,0,0
101_└ю│м╧╝20190314001F_02R.jpg,0,1,1
101_╣∙╣Ё╓е20200521032F_01R.jpg,0,0,1
101_└ю╜▄20180810002F_01R.jpg,0,1,1
101_│┬╩п├ё20180912000F_03L.jpg,0,1,0
103_╦я╔н┴╓20151214000F_27L.jpg,1,1,1
107_╜Ё┼х╟р20201118008F_01L.jpg,1,1,0
101_у╞╗и╖█20190722000F_03L.jpg,0,0,1
101_▓╠╦о╧╔20180815001F_03L.jpg,0,0,1
P072235os.jpg,0,1,0
103_╘м░я▓─20170221001F_02L.jpg,1,0,0
101_═ї╥°║ь20201210002F_06L.jpg,0,0,1
102_╤█╡╫═╝╧ё1 (947).jpg,1,0,0
104_╕▀├ю╒ъ20161226007F_01R.jpg,0,1,1
110_ъ╠├═20201030002F_02L.jpg,1,0,0
103_═ї┴ю┐╡20170525005F_02R.jpg,0,1,1
107_╜Ё┼х╟р20201118008F_02R.jpg,1,0,0
107_└ю┤є│м20190708002F_01R.jpg,0,0,1
S072811od.jpg,0,1,0
101_╒┼═Є╦│20180312005F_01L.jpg,0,1,1
102_╤█╡╫═╝╧ё1 (710).jpg,1,0,0
101_╩п╚л╧╓20180608002F_03L.jpg,1,0,0
101_│┬┐б║ч20200519029F_01R.jpg,0,1,0
103_ъ╠┬╖╘╢20171023004F_01L.jpg,1,0,0
101_╣м╥°═г20180127003F_01R.jpg,0,1,1
102_╠х╝ь╓╨╨─ (964).jpg,1,0,0
101_╘м╠л│╨20201209000F_02L.jpg,1,0,0
101_┴ї╜и├ё20180720001F_01L.jpg,0,0,1
101_═ї╙ё┴с20180112004F_03R.jpg,1,0,0
101_╤ж╢м╗и20201115004F_04R.jpg,0,0,1
102_╠х╝ь╓╨╨─ (1253).jpg,0,1,0
101_╔ў╟я╔·20180505004F_01R.jpg,0,0,1
101_┬└░о╞╝20210113000F_04R.jpg,1,0,0
101_╓▄║ъ╬░20180809001F_01R.jpg,0,0,1
101_┴ї╩ў╟р20201108023F_01R.jpg,1,0,0
101_═ї╩щ╛░20180418000F_01R.jpg,0,1,0
P072213os1.jpg,0,0,1
103_└ю╗█20150725001F_01R.jpg,0,0,1
101_╢б║г┐э20180206000F_02L.jpg,0,1,0
101_╣∙╣·╧щ20180623003F_01R.jpg,0,0,1
104_└ю┤║┴л20160311003F_02R.jpg,0,1,1
102_╤█╡╫═╝╧ё1 (2126).jpg,1,0,0
ERS03082802.jpg,0,1,0
107_└юягяг20201225006F_02R.jpg,1,0,0
102_╤█╡╫═╝╧ё1 (1634).jpg,1,0,0
102_╤█╡╫═╝╧ё1 (2405).jpg,1,0,0
102_╤█╡╫═╝╧ё1 (1343).jpg,1,0,0
101_│┬ъ═╟┐20200604000F_02R.jpg,0,0,1
104_╩п╜н┐╦20171129005F_02L.jpg,0,1,1
102_╠х╝ь╓╨╨─ (763).jpg,1,0,0
101_╣∙╧у╘╞20180222009F_03R.jpg,0,1,1
101_░╫╩щ╔н20200512003F_01L.jpg,0,0,1
104_╒╘╥у20190216001F_04L.jpg,1,0,0
101_╓г╣Ё╖╝20180212000F_04L.jpg,0,0,1
103_╘м░я▓─20170221001F_05R.jpg,1,0,0
104_┬╜╟█20190308004F_01R.jpg,1,0,0
107_╜Ё╢и╧щ20200121001F_03L.jpg,0,1,1
105_│┬╙└╚и20190724002F_02L.jpg,0,0,1
103_ъ╠┬╖╘╢20171023004F_02L.jpg,1,0,0
108_╗╞╬─└╫20200702011F_01R.jpg,1,0,0
101_═ї╩щ╓ж20180825000F_01R.jpg,1,0,0
101_╜п╕─╗└20180702000F_03L.jpg,0,1,1
101_┼с╚║╔╜20190324001F_02R.jpg,1,0,0
101_│┬░╫░▓20180922000F_04L.jpg,0,1,0
101_═ї╩щ╖╥20181227001F_03L.jpg,1,0,0
104_░╪░о╞╝20190327004F_02R.jpg,0,1,1
101_│■╜и╖х20200516054F_01R.jpg,0,0,1
103_└ю║┌┐щ20170225001F_01L.jpg,0,0,1
101_╒╘╟╔╛№20201108019F_02L.jpg,0,0,1
102_╠х╝ь╓╨╨─ (1149).jpg,1,0,0
110_╔█╔∙▓и20210106002F_01L.jpg,1,0,0
110_┼╦░о╣·20200612006F_02L.jpg,0,1,1
101_╔ў├ў╥т20190821000F_01R.jpg,0,0,1
101_┤▐░о╛╒20200709008F_02L.jpg,0,0,1
107_┴╓│╔╣т20210107007F_04R.jpg,1,0,0
103_╨д╕╒20180809000F_02R.jpg,1,0,0
101_╓ь╒ё╬░20181222001F_01L.jpg,0,0,1
101_╝╓╫┌╨∙20201210001F_01L.jpg,0,0,1
101_╟╟╛№20190707000F_02R.jpg,0,1,1
102_╤█╡╫═╝╧ё1 (1911).jpg,1,0,0
103_└ю└╧┼о20170217003F_11L.jpg,0,0,1
101_╓▄╚¤╞╜20200110003F_06R.jpg,0,1,1
108_╗╞└Ў│г20200826002F_02R.jpg,1,0,0
101_╒┼╩┘║у20200525014F_02L.jpg,1,0,0
110_┼╦║г╜н20200701007F_01R.jpg,1,0,0
101_└ю╫┌▒є20190116001F_01L.jpg,0,1,0
101_│┬╖я╟┘20200520054F_02L.jpg,0,1,0
101_└ю╘╞┼Ї20200502002F_02R.jpg,1,0,0
103_╘м╛╒┴м20170424001F_05L.jpg,0,1,1
2021_ 1_16_14_ 7_ 5_815_@#$47OS.jpg,1,0,0
101_┼с╣у╚║20200523029F_01R.jpg,1,0,0
104_┴ї╜и╛№20161108000F_01R.jpg,0,0,1
110_╧─╬─┴▄20200715004F_04L.jpg,0,1,1
102_╤█╡╫═╝╧ё1 (1748).jpg,1,0,0
101_║л╟█20200519043F_01R.jpg,0,0,1
102_╤█╡╫═╝╧ё1 (229).jpg,1,0,0
101_│┬├ў╦│20180316000F_01R.jpg,0,1,1
101_┴ї╛й╖ц20200731020F_01L.jpg,0,1,0
104_═Є├╫─╧20190309006F_06R.jpg,0,0,1
101_╓г╣Ё╖╝20180212000F_05R.jpg,0,0,1
102_╠х╝ь╓╨╨─ (1226).jpg,1,0,0
101_│┬╒╝▒ы20200326002F_01L.jpg,0,1,1
102_╤█╡╫═╝╧ё1 (1463).jpg,1,0,0
109_▓╠╗╢┤║20201007003F_04R.jpg,0,1,1
101_╒╘╚┘20180315008F_02L.jpg,0,1,0
102_╤█╡╫═╝╧ё1 (2309).jpg,1,0,0
102_╤█╡╫═╝╧ё1 (206).jpg,1,0,0
110_╩п╜ї╖╔20200909006F_01L.jpg,1,0,1
101_░╫╣·║═20180721000F_01R.jpg,1,1,0
101_╦╬║╧▒Є20200619000F_01R.jpg,0,1,1
102_╤█╡╫═╝╧ё1 (1587).jpg,1,0,0
107_└╢┴ш╘╞20191121002F_01R.jpg,1,0,0
107_└ю╥°┴°20200923003F_02R.jpg,1,0,0
103_╨▄лhъ╧20180719000F_01L.jpg,1,0,0
101_╨ь╟┐20181206002F_01R.jpg,0,1,1
101_░╫╥°╧╫20200515027F_01R.jpg,0,1,0
102_╤█╡╫═╝╧ё1 (1053).jpg,1,0,0
104_═ї└Ў╤р20190227002F_03R.jpg,1,0,0
105_│┬├└╖╥20200724004F_03L.jpg,1,0,0
105_│┬▌ц20191026001F_01R.jpg,0,1,1
102_╤█╡╫═╝╧ё1 (1310).jpg,1,0,0
072103od.jpg,0,1,0
104_╤ю░о╚┘20190301001F_03L.jpg,0,1,1
107_┴╓╨█╗к20201112002F_01R.jpg,1,0,0
109_│┬╣·│╔20200916007F_01R.jpg,0,1,0
102_╤█╡╫═╝╧ё1 (1260).jpg,1,0,0
105_│┬╙ё╞╜20191226001F_08R.jpg,1,0,0
102_╤█╡╫═╝╧ё1 (1955).jpg,1,0,0
102_╤█╡╫═╝╧ё1 (1154).jpg,1,0,0
101_╬т╣·┴┴20200515012F_02L.jpg,0,1,1
101_╓▄┤║╖ч20180707001F_02L.jpg,0,1,0
107_┴╬╟┘├├20190731001F_01L.jpg,1,0,0
105_│┬╙ё└╝20200507004F_03L.jpg,1,0,0
109_│┬╣т║г20201007001F_01L.jpg,1,0,0
101_╤ю╘к╔¤20190310000F_01R.jpg,0,1,0
101_╒┼╟я║ь20200522052F_01R.jpg,0,1,1
101_┴ї╖я╒ф20200326001F_01L.jpg,0,1,0
101_╢н╙ё╢Ё20200519010F_02L.jpg,0,1,0
102_╤█╡╫═╝╧ё1 (635).jpg,1,0,0
101_╓г╙ё╗и20200516011F_02L.jpg,1,0,0
101_┴ї╒╜╗к20180325003F_02L.jpg,0,0,1
104_hh20150330007F_01R.jpg,0,1,1
101_╒╘╘к├ў20200522054F_03L.jpg,1,0,0
102_╤█╡╫═╝╧ё1 (630).jpg,1,0,0
104_╗╞╣·┴с20190304002F_01L.jpg,0,1,0
105_│┬╦╪╜р20200527004F_02L.jpg,1,0,0
110_═ї╫╘┴ж20200730007F_01R.jpg,0,1,1
101_▓╠╦ь│п20190821004F_01R.jpg,0,1,0
110_┴ї╓╛20201021006F_02L.jpg,1,0,0
102_╤█╡╫═╝╧ё1 (1275).jpg,1,0,0
101_└ю╙ё╓ж20190911000F_01R.jpg,0,1,1
106_╕▀╡┬└┤20201126007F_02R.jpg,0,1,0
101_│╠╬─│п20200803005F_03L.jpg,1,0,1
107_└ю╧■╨╟20190621000F_02L.jpg,1,1,1
110_┴ї╓╛╜▄20201104004F_04R.jpg,0,1,1
101_╒┼┘╗┘╗20200812002F_01R.jpg,1,0,0
101_┬э║╧╚л20200316003F_02R.jpg,0,1,0
101_╬т╗и╚╗20180408004F_01R.jpg,0,0,1
103_░о╡─20160804004F_04R.jpg,1,0,0
101_╗Ї╓╕╗╙20200525049F_01R.jpg,0,0,1
108_╗╞╡√╔╤20210114009F_03R.jpg,1,0,0
105_│┬╦╪╜р20200527004F_01R.jpg,1,0,0
104_═ї├ў╤х20160419001F_02R.jpg,0,1,1
110_┼╦░о├ё20190904001F_01L.jpg,0,0,1
101_┴ї╖ч╙в20201023001F_01R.jpg,0,0,1
101_╢б╗и╚┘20190812002F_06L.jpg,0,1,1
101_╓г░о╚┘20200521060F_02L.jpg,0,1,0
101_┴ї╬─╥х20201228000F_01R.jpg,1,0,0
110_╟ё╬в╬в20190828009F_02L.jpg,1,0,0
102_╤█╡╫═╝╧ё1 (2308).jpg,1,0,0
102_╤█╡╫═╝╧ё1 (399).jpg,1,0,0
104_╚ю╟я╧у20161209017F_02L.jpg,0,1,0
109_│┬╜и╞╜20200716008F_01R.jpg,0,1,0
102_╤█╡╫═╝╧ё1 (1013).jpg,1,0,0
101_╘└▒√╟м20181009004F_03R.jpg,1,0,0
108_╗╞╚║╙ю20200602001F_02L.jpg,0,1,1
101_╒╘╩п═╖20190720001F_01L.jpg,0,0,1
101_┬м┤║╜▄20200522051F_02L.jpg,0,1,1
101_│┬╦ь╚║20180611002F_02R.jpg,0,1,1
101_╒┼├╬║╝20200608007F_01R.jpg,0,0,1
101_╒╘╜и╣·20190929001F_03L.jpg,0,1,1
107_└ю╧╝╘╞20191010007F_01L.jpg,1,0,0
104_┴ї╖с20190321001F_05L.jpg,1,0,0
101_╗╞╢░╨ё20180510003F_04R.jpg,0,1,1
101_═ї░о╗╖20200521055F_02L.jpg,0,1,1
110_╔█╨б╟р20190909004F_01R.jpg,1,0,0
102_╤█╡╫═╝╧ё1 (774).jpg,1,0,0
101_╤ю╩щ╟╒20180313005F_02L.jpg,0,1,0
101_┼с╩щ╬░20180202002F_02L.jpg,0,0,1
101_╗╞╗└├╖20190720000F_02L.jpg,0,1,1
101_╖ы╙ё╓ж20180318001F_03L.jpg,0,1,1
107_┴╓▓╩┴°20200610011F_04L.jpg,0,1,0
110_═ї│д╗к20191025005F_01L.jpg,0,0,1
101_═ї╣·╒┬20180515002F_01R.jpg,0,1,1
102_╠х╝ь╓╨╨─ (1065).jpg,1,0,0
103_╣∙▄ч20150731004F_02R.jpg,1,0,0
101_╤ю╗█└Ў20181008001F_02L.jpg,0,1,0
104_╔╨╜▄╬└20161229001F_02R.jpg,0,1,1
102_╤█╡╫═╝╧ё1 (639).jpg,1,0,0
101_╒╘╣є├ё20200523055F_02L.jpg,0,0,1
108_╗╞╜и├ё20190713003F_05L.jpg,0,0,1
101_╒┼├╬║╝20200608007F_02L.jpg,0,0,1
102_╠х╝ь╓╨╨─ (239).jpg,0,1,0
110_┼╦║г╜н20200701007F_02L.jpg,1,0,0
110_┼э╨ж├╖20201111001F_11R.jpg,0,1,0
101_░╫╚║╙в20190517001F_01R.jpg,1,0,0
103_╬т╢Ё╙в20171127003F_01L.jpg,0,0,1
104_│┬▒ж╓╥20160616003F_01R.jpg,0,1,1
101_╖ы╣·╙к20180104001F_01R.jpg,0,1,0
ERS16090106.jpg,0,1,0
101_└ю╡ю╟ф20200319003F_01R.jpg,0,0,1
101_╒┼║г│▒20190713001F_01R.jpg,0,0,1
101_╨ь┤║╖ч20190714002F_01R.jpg,1,0,0
106_╣╚╜и▓╘20190823004F_02L.jpg,1,0,0
104_╧├╩д╕╓20171106002F_01R.jpg,0,1,1
110_╧─╢√╒∙20200812003F_07R.jpg,0,1,0
072013od.jpg,0,1,0
101_│┬╒ё╗к20201013000F_02L.jpg,0,0,1
101_└ю╨у╓е20190410003F_03R.jpg,0,1,1
P072323od.jpg,0,1,0
102_╠х╝ь╓╨╨─ (606).jpg,1,0,0
101_╓ь╓н20180224003F_06L.jpg,1,0,0
101_▓▄├Ї20200708001F_02R.jpg,0,0,1
101_╨ь╟┌╤х20190508000F_02R.jpg,0,0,1
101_╒┼╜и╣·20200519036F_01R.jpg,0,1,0
108_║·╧╔╫┌20201110010F_02L.jpg,1,0,0
107_└ю┤є║├20190710004F_01R.jpg,1,0,0
101_│┬╒╝╖х20210122001F_03R.jpg,0,1,1
106_╖╜╦╪╟█20201104001F_02R.jpg,1,0,0
103_╙╬╣·╒¤20151102008F_70L.jpg,0,1,0
103_╙╬╣·╒¤20151102008F_65L.jpg,0,1,0
101_│╠│д░▓20180201003F_03L.jpg,0,1,0
109_│┬╜и╣т20190724001F_02R.jpg,0,0,1
102_╤█╡╫═╝╧ё1 (1023).jpg,1,0,0
101_╣∙║ь╬└20180317006F_03R.jpg,0,0,1
101_└ю╤йцд20200807000F_02R.jpg,0,0,1
101_║г╧╓╛№20180408002F_04L.jpg,0,0,1
105_│┬╥ц╧г20201105008F_03R.jpg,0,1,0
103_╨▄╙ж╖в 20180323002F_05L.jpg,0,1,1
101_╣∙╧▓╔╜20200803025F_02L.jpg,0,0,1
101_у╞╢л╧╝20190822001F_02L.jpg,0,1,0
110_┬щ╛┤╧═20191016005F_06L.jpg,1,0,0
101_└ю╣Ё╓е20200721002F_01R.jpg,0,1,0
101_╓г═Є╖х20190813002F_02L.jpg,1,0,0
104_═ї└Ў╤р20190227002F_01R.jpg,1,0,0
101_╓▄▒г▓┼20200516051F_02L.jpg,0,1,0
104_║л╣Ё╟я20160131000F_03R.jpg,0,1,0
101_╦я├╖╚┘20201110001F_02L.jpg,1,0,0
106_╣∙╬┤╗к20200608003F_01L.jpg,0,1,1
110_╨╗┤║╤р20190822004F_02L.jpg,1,0,0
105_│┬╬─▓й20191206002F_01R.jpg,1,0,0
101_╘м╝╠░▓20190606002F_02R.jpg,1,0,1
104_╒╘╓╛▒°20190117002F_04R.jpg,1,0,0
104_╦я╧▓╖╝20190319002F_01L.jpg,1,0,0
106_╣∙┴·╣т20200603003F_06R.jpg,0,1,1
109_│┬╣т║г20201007001F_02L.jpg,1,0,0
101_╥є20180711000F_01L.jpg,0,1,1
101_└ю╤╟щк20181110003F_01L.jpg,0,1,0
101_═ї░о├ё20180415003F_02L.jpg,0,0,1
104_║╪╨у╛╒20160223003F_05R.jpg,0,0,1
101_╤ю╧▓├ў20180624001F_01R.jpg,0,1,1
110_╔█╔∙▓и20210106002F_02R.jpg,1,1,0
101_╒┼╨у╞╝20180129005F_02L.jpg,0,1,0
110_╬╠╓╬╨ё20200628007F_01R.jpg,1,0,0
108_╗╞╜и├ё20190713003F_04R.jpg,0,1,1
101_╤ю▒г╚л20190322001F_02L.jpg,0,1,1
102_╤█╡╫═╝╧ё1 (457).jpg,1,0,0
101_╤ю├ў╕о20180326007F_02L.jpg,0,1,1
P072323os.jpg,0,1,0
102_╤█╡╫═╝╧ё1 (207).jpg,1,0,0
101_╔ъ╥л╗╘20190416001F_04L.jpg,1,0,0
103_╦╬╨√╚ё20180717001F_01R.jpg,1,0,0
101_╒┼┤║╖х20190425002F_01L.jpg,0,1,0
101_╓г└Ў╧■20180719004F_01R.jpg,1,0,0
109_│┬░вц┬20210107013F_07R.jpg,0,0,1
110_╠╞┴°├├20200311005F_04L.jpg,1,0,0
101_╒┼╫┌░▓20200629003F_03L.jpg,0,1,0
105_│┬╙ё╞╜20191226001F_09R.jpg,1,0,0
109_░╫║щэ╡20201014001F_01L.jpg,1,0,0
103_╨▄╨б├л20180115003F_03L.jpg,0,0,1
106_╖╜╦╪╟█20201104001F_01L.jpg,1,0,0
103_╫є╙ё┤и20181114010F_01L.jpg,0,0,1
102_╤█╡╫═╝╧ё1 (1441).jpg,1,0,0
102_╤█╡╫═╝╧ё1 (1714).jpg,1,0,0
101_╡╘╘╞═д20180517003F_01R.jpg,0,0,1
107_┴╓╝╙▓и20191016004F_02R.jpg,1,0,0
102_╠х╝ь╓╨╨─ (399).jpg,1,0,0
101_┴ї╒╜╗к20180325003F_01R.jpg,0,1,1
103_═ї╦о╔·20180625006F_07R.jpg,0,1,0
103_═ї╦о╔·20180625006F_01L.jpg,0,1,0
107_╜Ё╕▀╖х20201015002F_02R.jpg,1,0,0
101_│┬╕─└╝20180620003F_05L.jpg,0,1,0
101_╖ы╣·╙к20180104001F_02L.jpg,0,1,0
110_═ї║оэ╡20200403001F_01R.jpg,0,0,1
101_╨╧┤║╙в20200525050F_03R.jpg,0,1,1
102_╠х╝ь╓╨╨─ (1367).jpg,0,1,0
107_┐┬╚╩╬ф20190912005F_01R.jpg,1,0,0
101_┬└╨у╘╞20200801028F_01L.jpg,0,1,1
101_╓г╣█├ў20180427001F_03L.jpg,0,1,0
101_╡╘╜Ё╓∙20190123005F_01R.jpg,1,0,0
109_▓╠┤ц¤И20190710005F_03L.jpg,0,1,0
106_╕▀╜°╣т20200820007F_01R.jpg,0,1,1
101_═ї╩щ╖█20180417002F_02R.jpg,0,0,1
101_═ї╦о┴╓20190114002F_01L.jpg,1,0,0
110_┬щ│╟═╝20201114009F_01R.jpg,1,0,0
101_╕▀┴Ї╙ё20190824000F_01L.jpg,0,1,0
101_═ї╜Ё╗╖20180801002F_01R.jpg,0,1,1
102_╤█╡╫═╝╧ё1 (1058).jpg,1,0,0
101_╖о╬─╛┘20181130001F_03R.jpg,0,1,1
101_╚╜╦л└╝20200525041F_02L.jpg,0,0,1
102_╠х╝ь╓╨╨─ (134).jpg,1,0,0
P072946od.jpg,0,1,0
105_│┬╚и├ў20190831001F_04R.jpg,0,0,1
101_┤▐╦╔│п20180801011F_01R.jpg,0,0,1
102_╠х╝ь╓╨╨─ (896).jpg,1,0,0
P073030od.jpg,0,1,0
101_╣∙┤║╖╝20200519005F_02L.jpg,0,0,1
104_┤▐╤╥20190316011F_01R.jpg,1,0,0
109_▓╠╔н╥в20190701001F_01R.jpg,0,1,0
102_╠х╝ь╓╨╨─ (578).jpg,1,0,0
108_╗╞╬─╦╪20201112003F_05R.jpg,1,0,0
102_╠х╝ь╓╨╨─ (116).jpg,1,0,0
102_╤█╡╫═╝╧ё1 (1838).jpg,1,0,0
102_╤█╡╫═╝╧ё1 (1905).jpg,1,0,0
101_╕▀╢л╔¤20180815000F_01R.jpg,0,1,1
101_╝╓┤║╧╔20180103002F_01R.jpg,0,1,1
110_╤ю╚┘├ё20201104005F_01L.jpg,1,0,1
101_│┬╣т╗╘20200516033F_01R.jpg,0,1,1
101_═ї╜Ё╞╜20180712004F_03L.jpg,0,0,1
101_│┬╒╝▒ы20200522037F_03L.jpg,0,1,1
101_═ї╜Ё╗╖20180801002F_02L.jpg,0,1,1
101_╒┼╜и╓╨20180525000F_01R.jpg,0,1,0
101_│┬╣т╗╘20181120001F_01R.jpg,0,0,1
102_╤█╡╫═╝╧ё1 (1424).jpg,1,0,0
101_╒┼Ї▐╓ж20200526042F_01R.jpg,0,1,0
101_╬т░о╖╥20200519030F_03L.jpg,0,1,0
072106os2.jpg,0,1,0
101_░╫┐┬╟┐20200528000F_02L.jpg,0,1,1
101_│╠╖я╧╚20180130003F_03R.jpg,0,1,0
103_═ї╓╛╜▄20181114024F_02R.jpg,0,1,0
106_╣╚═ж20200402008F_04L.jpg,1,0,1
101_╒╘├√╥х20180824002F_01R.jpg,0,0,1
102_╠х╝ь╓╨╨─ (1322).jpg,0,1,0
107_└ю╨б╖╥20200908006F_01L.jpg,1,0,0
110_═ї╦ц╥х20201021005F_02R.jpg,1,0,0
110_┬└├╚20200828001F_01R.jpg,1,0,0
103_╤ю╜и├ў20180801003F_04L.jpg,0,1,0
101_╒┼╢■╣╢20200525006F_02L.jpg,0,1,1
101_╒┼░о╛╒20180329004F_02L.jpg,0,0,1
101_░╫╣·║═20180721000F_02L.jpg,1,1,0
101_╣∙╨б╬х20181224000F_03L.jpg,1,0,0
101_╦я╚┘20200803021F_03R.jpg,0,1,0
108_║·╛▓╛▓20200818008F_01R.jpg,1,0,0
102_╤█╡╫═╝╧ё1 (1741).jpg,1,0,0
104_╨э╙╨└√20190212019F_02R.jpg,1,0,0
102_╤█╡╫═╝╧ё1 (1158).jpg,1,0,0
106_┤ў╜и└╫20200409005F_02R.jpg,1,0,0
104_┬э╩д└√20190121007F_01L.jpg,0,0,1
102_╤█╡╫═╝╧ё1 (1419).jpg,1,0,0
101_╣∙╦╔╘╞20200525027F_02L.jpg,0,1,1
108_╗╞╛№╜▄20200702008F_01R.jpg,0,1,0
101_╓▄┐б├Ї20200526022F_01R.jpg,0,0,1
S072730os.jpg,0,1,0
103_╨▄╨б├л20180115003F_02L.jpg,0,0,1
110_═ї╗╘20200318001F_03R.jpg,0,0,1
101_у╞╢■╬░20200912000F_02L.jpg,1,0,0
104_╬д╓╟╙┬20190327002F_03L.jpg,0,0,1
101_▓╠╦ь│п20200519050F_01R.jpg,0,1,1
101_░╫╚║╙в20190517001F_02L.jpg,1,0,0
101_═ї╩щ╛░20180418000F_02L.jpg,0,1,1
103_╣∙▄ч20150731004F_01L.jpg,1,0,0
102_╤█╡╫═╝╧ё1 (535).jpg,1,0,0
103_╙╬╣·╒¤20151102008F_63L.jpg,0,1,1
101_╨ь╩щ╜и20191118007F_03R.jpg,0,1,1
102_╤█╡╫═╝╧ё1 (489).jpg,1,0,0
102_╤█╡╫═╝╧ё1 (401).jpg,1,0,0
102_╠х╝ь╓╨╨─ (469).jpg,1,0,0
101_┬э╣·╟┐20201122001F_01R.jpg,0,0,1
101_╒┼░о╛╒20180329004F_01R.jpg,0,1,1
101_╤ю╜и╔·20180701004F_02R.jpg,0,1,0
109_0857403520201230002F_01R.jpg,0,1,1
106_╣∙┴·╣т20200603003F_03L.jpg,0,1,1
102_╤█╡╫═╝╧ё1 (1445).jpg,1,0,0
101_│┬╓╛╢л20190423001F_02L.jpg,0,1,0
104_╕▀╨у╖я20160202003F_01L.jpg,0,0,1
110_═ї╣·╨╦20191114004F_01L.jpg,0,1,1
102_╠х╝ь╓╨╨─ (743).jpg,1,0,0
101_╓▄┐б├Ї20200526022F_02L.jpg,0,0,1
101_╣∙╜и╒┬20180108001F_02L.jpg,0,1,1
101_╬т╡┬├ў20200926001F_02L.jpg,0,0,1
104_│┬├ў╢л20161206005F_04L.jpg,1,0,1
101_═ї╜Ё╗╖20180801001F_01L.jpg,0,1,1
101_┴ї╟█20200801042F_02L.jpg,0,1,0
101_╚╬╣Ё╗и20200525035F_02L.jpg,0,1,0
110_╦я╒ф╡▄20191018003F_02L.jpg,0,0,1
101_│╠│д░▓20180728000F_04L.jpg,0,1,0
102_╤█╡╫═╝╧ё1 (458).jpg,1,0,0
102_╠х╝ь╓╨╨─ (131).jpg,1,0,0
109_▓▄▒∙├╖20200717011F_01R.jpg,0,0,1
101_═ї╞╜╕ы20180527000F_02L.jpg,1,0,0
107_└ю│д╙└20191121005F_01L.jpg,0,1,0
103_═ї┴ю┐╡20170525005F_01L.jpg,0,1,0
103_╬т╚ъ║╞20180623001F_04L.jpg,1,0,0
101_╝╓╜и╦╔20190410000F_03R.jpg,0,0,1
101_╣∙┤ц╤х20191105002F_02L.jpg,0,1,0
102_╤█╡╫═╝╧ё1 (1752).jpg,1,0,0
101_└ю╢м╗и20180225001F_02L.jpg,0,1,0
102_╤█╡╫═╝╧ё1 (760).jpg,1,0,0
101_╔ъ╥л╗╘20190416001F_02L.jpg,1,0,0
101_═ї│д░▓20181115002F_04L.jpg,0,1,0
102_╠х╝ь╓╨╨─ (410).jpg,1,0,0
110_╧─▒Є╚Ё20200814003F_01R.jpg,1,0,0
110_┬щ│╟═╝20201114009F_02L.jpg,1,0,0
102_╤█╡╫═╝╧ё1 (2334).jpg,1,0,0
101_╟о│м╛№20190311002F_01R.jpg,0,0,1
102_╠х╝ь╓╨╨─ (130).jpg,1,0,0
101_═ї░о╗╖20200521055F_01R.jpg,0,0,1
107_┴╓╢и┤╧20200914003F_02L.jpg,0,0,1
102_╤█╡╫═╝╧ё1 (2235).jpg,1,0,0
102_╤█╡╫═╝╧ё1 (1586).jpg,1,0,0
102_╤█╡╫═╝╧ё1 (1464).jpg,1,0,0
101_╓ь╦и╜Ї20180718005F_04L.jpg,1,0,0
110_═ї┐╦20200423001F_03L.jpg,1,0,1
101_╒┼╬└║ь20200127000F_01L.jpg,0,0,1
102_╤█╡╫═╝╧ё1 (1136).jpg,1,0,0
103_═Ї╩л╤┼20180729002F_02R.jpg,1,1,0
102_╠х╝ь╓╨╨─ (685).jpg,1,0,0
101_║┬╟╔╖я20200520021F_02L.jpg,0,1,0
102_╤█╡╫═╝╧ё1 (2033).jpg,1,0,0
101_у╞╢■╬░20200912000F_03R.jpg,1,0,0
101_╗╞╗└├╖20201222005F_03L.jpg,0,1,1
104_│Ў╤к   │гцп╢Ё.jpg,0,0,1
101_╗╞╜Ё┼ц20181113003F_04R.jpg,0,0,1
110_╬т╔∙├Ї20200714006F_02L.jpg,0,1,0
102_╤█╡╫═╝╧ё1 (1180).jpg,1,0,0
110_┬м╜Ё20200825007F_01R.jpg,0,1,0
102_╤█╡╫═╝╧ё1 (851).jpg,1,0,0
102_╤█╡╫═╝╧ё1 (2012).jpg,1,0,0
101_╚╬╖ц20180322001F_01R.jpg,0,1,0
107_┴╓╧■└Є20191017001F_02R.jpg,0,0,1
101_╟╪╒ё░▓20180407000F_01R.jpg,0,1,1
101_╬║╤х╛√20180901001F_03R.jpg,0,0,1
102_╤█╡╫═╝╧ё1 (2406).jpg,1,0,0
110_╤ю╟█MEI20190819003F_01R.jpg,0,1,0
101_╦я├╖╚┘20201110001F_01R.jpg,1,0,0
110_╨╗╚┘╙в20190626003F_02R.jpg,0,1,1
101_═ї╟╔20180409001F_03L.jpg,1,0,0
101_╤ю├ў╕о20180326007F_01R.jpg,0,1,1
104_╧─╤з├ў20190320013F_01R.jpg,0,1,0
101_╔ъчц20200516004F_02L.jpg,1,0,0
101_═Ї╛№╬░20200525034F_02L.jpg,0,0,1
109_▓▄╙└┐м20201126008F_01L.jpg,0,1,0
110_┬э│м└Ў20191204001F_01L.jpg,1,0,0
104_╖о├·╬─  ╠╟═° ╘Ў╓│╞┌.jpg,0,1,1
101_╒╘╖в╚и20190408000F_02L.jpg,0,1,0
105_│┬╨ж╞╝20201230001F_05R.jpg,1,0,1
101_╘└▒√╟м20181009004F_05L.jpg,1,0,0
101_╒╘╩щ╞╜20200523016F_03L.jpg,1,0,0
109_░№╓╨╟э20191127001F_02R.jpg,0,1,1
101_└ю║ь╒┘20201125004F_01R.jpg,0,1,1
101_╖ы╓╟╗█20200520023F_02R.jpg,0,0,1
102_╤█╡╫═╝╧ё1 (1300).jpg,1,0,0
108_╗╞╬─╦╪20201112003F_06L.jpg,1,0,0
101_┬э╝╠┼╩20200615000F_01R.jpg,0,1,0
110_╧─▒Є╚Ё20200814003F_02L.jpg,1,0,0
105_│╠╓╛╟х20200729005F_02L.jpg,1,0,0
109_│┬║г╬─20200827007F_02L.jpg,1,0,0
107_╜Ё╥ц╟┼20200630007F_02L.jpg,0,1,1
101_┴║╕г╚л20180504001F_04R.jpg,1,0,0
101_┤▐╛█╞╒20180116001F_03L.jpg,0,1,1
102_╠х╝ь╓╨╨─ (99).jpg,1,0,0
101_╒┼╢■╣╢20200525006F_01R.jpg,0,1,1
108_╗╞╜и├└20200512001F_04R.jpg,1,0,0
101_│┬╩п╜Ё20180222007F_01R.jpg,1,1,0
103_╬т╩л║╞20180704002F_02L.jpg,1,0,0
101_╦╛╗и╚┘20190226000F_02L.jpg,0,1,0
107_└ш╤▐20200618010F_03R.jpg,1,0,0
102_╤█╡╫═╝╧ё1 (1855).jpg,1,0,0
102_╤█╡╫═╝╧ё1 (400).jpg,1,0,0
110_═ї┐╦20200423001F_02R.jpg,1,1,1
104_║л│╜╖╜20190306002F_01R.jpg,1,1,1
101_╒┼╜и╣·20180302002F_02R.jpg,0,1,1
104_│Ў╤к  ║л╧у╜┐.jpg,0,0,1
101_╖ы╬─╨└20201123003F_02L.jpg,0,1,0
101_└ю╜и┴╓20190508001F_02R.jpg,0,1,1
2021_ 1_10_ 9_59_20_762_@#$28OS.jpg,0,1,0
110_╟ё╬в╬в20190828009F_01R.jpg,1,0,0
101_╤ю╦╔╟╒20190517002F_02R.jpg,0,1,0
110_╦╒╬─╙в20191114005F_02L.jpg,1,0,0
104_░╪░о╞╝20190327004F_03L.jpg,0,1,1
101_╢б╗к╜и20200516006F_03L.jpg,0,1,0
107_└ю╜и▒°20200424001F_02R.jpg,0,1,1
102_╤█╡╫═╝╧ё1 (1560).jpg,1,0,0
102_╤█╡╫═╝╧ё1 (1271).jpg,1,0,0
103_═Є╗и╞╜20170918001F_65L.jpg,0,1,1
104_╨ь╨┬┴с20160615000F_07L.jpg,0,1,1
106_┤ў╒▄├Ї20200520001F_02R.jpg,0,1,1
110_═ї╣·╨╦20191109001F_04L.jpg,0,1,1
101_│┬├ў╦│20180316000F_02L.jpg,0,1,1
110_┬щ╙└┴┴20200721006F_02L.jpg,0,0,1
101_┴ї╩ў╟р20200803049F_01R.jpg,1,0,0
105_│┬╙ё└╝20200507004F_04R.jpg,1,0,0
102_╤█╡╫═╝╧ё1 (2116).jpg,1,0,0
102_╠х╝ь╓╨╨─ (915).jpg,1,0,0
101_╒┼╦╪║ь20201211000F_02L.jpg,0,1,0
101_╟╪╒ё░▓20180407000F_02L.jpg,0,1,1
110_┬щ╛┤╧═20191016005F_03R.jpg,1,0,0
103_╬┤╒╨╧у20171113006F_02R.jpg,1,1,0
110_═ї╗╘20200318001F_05L.jpg,0,1,1
103_╥╫лh═ї╨╟20170813000F_20R.jpg,0,0,1
109_0857403520201230002F_02L.jpg,0,1,1
102_╠х╝ь╓╨╨─ (1409).jpg,1,0,0
101_│╠▒√╬ч20180313007F_01R.jpg,0,0,1
101_╤ю├ў╕о20200501000F_05L.jpg,0,1,1
109_╔Є╓┘├ё20200926001F_02R.jpg,0,0,1
105_│┬╚ч├п20191010002F_02R.jpg,0,1,0
107_╜Ё╨б╘╞20200715001F_02R.jpg,1,0,0
101_╒┼╜и╬¤20200520024F_02L.jpg,0,0,1
101_┼г║║╒┘20181217002F_04R.jpg,1,0,0
101_┬э╩я╣т20200702004F_05R.jpg,0,0,1
101_╟о╖я├Ї20180706002F_03L.jpg,1,0,1
106_╣╚═ж20200402008F_03R.jpg,0,1,1
104_┬└╠л▒ж20190316016F_03L.jpg,0,1,1
103_╨ь▓й┤╧20180712002F_04R.jpg,1,0,0
102_╤█╡╫═╝╧ё1 (124).jpg,1,0,0
101_╙┌╦о═д20191109001F_03L.jpg,0,1,1
101_┬└╣·╖я20200516014F_01R.jpg,0,1,0
102_╤█╡╫═╝╧ё1 (2123).jpg,1,0,0
105_│┬╨ж╞╝20201230001F_03L.jpg,1,0,0
102_╠х╝ь╓╨╨─ (1306).jpg,1,0,0
107_└ю╨ё╘╞20200722014F_01R.jpg,1,0,0
107_╜Ё╕▀╖х20201015002F_04L.jpg,1,0,0
104_┼э╣Ё└╝20160128001F_03L.jpg,1,0,1
103_═Є┴╓20180415000F_01R.jpg,1,0,0
107_┴╓▓╩┴°20200610011F_03R.jpg,0,1,0
101_└ю░о20190114004F_02L.jpg,0,1,0
101_┬└╕г╙ё20190827002F_03R.jpg,0,1,0
104_╣в╙ё┤║20160906003F_01L.jpg,1,0,0
101_╒╘╜и╣·20200416001F_02L.jpg,0,0,1
108_╝╓╩д╛┤20190816002F_01L.jpg,0,1,0
102_╠х╝ь╓╨╨─ (124).jpg,0,1,0
104_▓▄┬·╜н20190308001F_02L.jpg,0,1,0
101_╤ю▒г╚л20190322001F_01R.jpg,0,1,0
101_┬м┐б│м20180623001F_01R.jpg,0,0,1
S073024Od.jpg,0,1,0
104_╔╨╜▄╬└20161229001F_05R.jpg,0,1,1
101_┴ї╦╔═г20200525024F_01L.jpg,0,0,1
103_╒┼╗ж20170214003F_06L.jpg,1,0,0
110_╨ь╨└20190828001F_04L.jpg,0,1,1
101_╕╡╜и╫п20180406004F_01L.jpg,0,0,1
101_╢б║г┐э20180206000F_01R.jpg,0,1,1
103_╬щ╓╨╟я20180309003F_09L.jpg,0,1,1
107_╜Ё╕▀╖х20201015002F_06L.jpg,1,0,0
104_═ї├ў╤х20160419001F_01L.jpg,0,1,1
101_┼г░о╘╞20201023003F_03R.jpg,0,1,0
102_╤█╡╫═╝╧ё1 (1979).jpg,1,0,0
102_╤█╡╫═╝╧ё1 (849).jpg,1,0,0
110_═ї│д╗к20191025005F_03R.jpg,0,0,1
103_╙╬╣·╒¤20151102008F_74L.jpg,0,1,1
110_╬╠╣·┴·20200916010F_05L.jpg,0,1,1
102_╤█╡╫═╝╧ё1 (1294).jpg,1,0,0
103_╨д╦о╗и20180415001F_01L.jpg,0,0,1
110_┬щ╜и╗к20200708005F_01R.jpg,0,1,0
101_╘└▒√╟м20180319004F_03L.jpg,1,0,0
101_╓▄╩ч╖╝20190817001F_01R.jpg,0,0,1
108_╗╞╜и├└20200512001F_07L.jpg,1,0,0
ERS04084010.jpg,0,1,0
108_║·╧╔╫┌20201110010F_01R.jpg,1,0,0
106_╣∙┴·╣т20200603003F_05R.jpg,0,1,1
102_╠х╝ь╓╨╨─ (426).jpg,1,0,0
101_╕▀╙ё╒ф20200522011F_01R.jpg,1,0,0
110_═Ї─╧╛й20200827006F_03L.jpg,1,0,0
107_╜Ё└ю┴·20200916005F_01R.jpg,1,0,0
101_╒╘▓╩║ь20180807003F_02L.jpg,0,1,0
101_┴ї╧■╢л20180609004F_01L.jpg,0,0,1
101_═ї╙ё│╔20200520004F_02L.jpg,0,1,1
104_╒┼╬─╜▄20190218002F_02L.jpg,1,0,0
102_╤█╡╫═╝╧ё1 (1127).jpg,1,0,0
110_╧─╢√╒∙20200812003F_08R.jpg,0,1,0
102_╠х╝ь╓╨╨─ (1592).jpg,1,0,0
101_┴ї╩ў╟р20200803049F_02L.jpg,1,0,0
103_╧ю╫╙│╬20170526001F_05R.jpg,1,0,0
101_╓г20180204001F_01R.jpg,0,1,0
108_╗╞╧■╙в20201124015F_01R.jpg,1,0,0
101_╩╖╙└│╝20181030003F_02R.jpg,0,1,1
101_│┬╖╝20191006001F_03L.jpg,0,1,1
101_╒┼╟р╓▌20181224001F_02L.jpg,0,1,0
107_└ю╜и▒°20200424001F_04L.jpg,0,1,1
101_╟о│м╛№20190222002F_02L.jpg,0,0,1
101_═ї╚л└┤20181009002F_02R.jpg,0,1,0
104_┤·╙╡╛№20180815001F_03R.jpg,0,1,1
107_╜Ё╢и╧щ20200121001F_02R.jpg,0,1,1
101_▓╠╣·╖ц20190217002F_01R.jpg,0,1,1
101_╦╛╦и╓∙20181101009F_02L.jpg,0,1,1
101_└ю┬є╚ж20200522056F_01R.jpg,0,1,1
101_╣м╥°═г20201022003F_03R.jpg,0,0,1
102_╠х╝ь╓╨╨─ (1295).jpg,1,0,0
108_║╬│ч╣·20200401006F_03R.jpg,1,0,0
103_═Є╨╟╨╟20170508000F_01L.jpg,1,0,0
102_╠х╝ь╓╨╨─ (467).jpg,1,0,0
108_╗╞╧■╙в20201029004F_01L.jpg,1,0,0
102_╠х╝ь╓╨╨─ (372).jpg,0,1,0
106_╣∙╟р20201113001F_01R.jpg,1,0,0
101_╓г└Ў─╚20200807003F_02L.jpg,0,1,0
102_╤█╡╫═╝╧ё1 (629).jpg,1,0,0
101_┴║╕г╚л20180504001F_03R.jpg,1,0,0
102_╠х╝ь╓╨╨─ (702).jpg,0,1,0
101_┴ї╥л╟█20180319003F_03L.jpg,0,0,1
104_┬└╠л▒ж20190316016F_05R.jpg,0,1,1
102_╤█╡╫═╝╧ё1 (1503).jpg,1,0,0
101_╟о╬─╧╫20200801037F_01R.jpg,0,1,0
102_╤█╡╫═╝╧ё1 (1155).jpg,1,0,0
103_╬т╢л╗к20150807007F_01L.jpg,1,0,0
102_╤█╡╫═╝╧ё1 (2257).jpg,1,0,0
108_╜п│╔╨в20200917003F_02R.jpg,0,0,1
101_╒┼╧▓╚┘20180325001F_03R.jpg,0,0,1
101_═ї╧╓╛№20190102005F_07R.jpg,0,0,1
101_╦╛┤║╖ц20180308003F_02R.jpg,0,1,1
101_╣∙║ь╬└20190106001F_01L.jpg,0,0,1
101_└ю║ь╒┘20201125004F_04R.jpg,0,1,1
101_╓г╜Ё┴ы20180123014F_03L.jpg,0,0,1
101_│┬╥х20190211005F_01L.jpg,0,0,1
104_╤ю░о╚┘20190301001F_02R.jpg,0,0,1
105_│┬╚и├ў20190831001F_03L.jpg,0,0,1
101_░╫╙ё╒ф20200521042F_01R.jpg,0,1,0
101_└ю╣Ё╓е20200721002F_02L.jpg,0,1,0
101_╒┼═Є╦╔20190517004F_02L.jpg,0,1,0
106_╣╚═ж20200402008F_05L.jpg,1,0,1
102_╤█╡╫═╝╧ё1 (154).jpg,1,0,0
101_╒╘╟┘╗и20181001008F_02R.jpg,0,1,0
104_╦я▓й║ш20190309010F_07L.jpg,0,0,1
102_╤█╡╫═╝╧ё1 (1206).jpg,1,0,0
107_╜Ё╕▀╖х20201015002F_01L.jpg,1,0,0
101_┴ї╩ў╟р20201108023F_02L.jpg,1,0,0
110_┬щ╛┤╧═20191016005F_05L.jpg,1,0,0
101_╩п╚л╧╓20180608002F_02R.jpg,1,0,0
101_│╠╢■╗в20200516041F_01R.jpg,0,1,0
104_┴ї╕∙20190221008F_01R.jpg,1,0,0
102_╠х╝ь╓╨╨─ (289).jpg,1,0,0
103_╬т╣·╧Є20170814005F_04L.jpg,0,0,1
101_╒┼╣Ё╖╝20200411002F_01R.jpg,1,0,0
101_┬└╜Ё╓▐20190522000F_01R.jpg,0,1,0
104_░▓╨у═┼20160810000F_01L.jpg,1,0,1
102_╤█╡╫═╝╧ё1 (572).jpg,1,0,0
102_╤█╡╫═╝╧ё1 (1549).jpg,1,0,0
104_╬т╟я╗└20171019002F_03L.jpg,0,1,0
101_╗╞╗└├╖20201222005F_02R.jpg,0,1,1
103_╧ю╫╙│╬20170526001F_06R.jpg,1,0,0
110_┬щ╛┤╧═20191016005F_02R.jpg,1,0,0
101_┴ї▓╙╬░20180609001F_02L.jpg,1,1,1
102_╠х╝ь╓╨╨─ (1026).jpg,1,0,0
101_╓ь╒ё╬░20181231000F_03L.jpg,0,0,1
102_╤█╡╫═╝╧ё1 (1420).jpg,1,0,0
110_╩й│╜ъ┼20200518003F_01R.jpg,1,0,0
101_╟╟╨у╟┌20180107001F_01R.jpg,0,0,1
101_┬м└╝╛╒20200525048F_06L.jpg,1,1,0
107_┴║╨у╧└20200321002F_02L.jpg,0,1,1
101_╤ю╟я╖╝20190124001F_01R.jpg,0,0,1
102_╤█╡╫═╝╧ё1 (1510).jpg,1,0,0
110_╬т╞ф║г20201230005F_05L.jpg,1,0,0
109_░№╓╨╟э20191127001F_01L.jpg,0,1,1
103_└ю┴·╟┐20170801002F_02R.jpg,1,0,0
102_╤█╡╫═╝╧ё1 (2404).jpg,1,0,0
101_═ї20180620001F_01L.jpg,0,1,0
101_╟о═Є╒┬20180712005F_01L.jpg,0,1,1
107_└ю╧╝╘╞20191010007F_02R.jpg,1,0,0
102_╤█╡╫═╝╧ё1 (632).jpg,1,0,0
104_╩й├└║ь20190330004F_02L.jpg,0,1,1
102_╤█╡╫═╝╧ё1 (1753).jpg,1,0,0
101_╙┌╦о═д20200416004F_03L.jpg,0,1,1
102_╤█╡╫═╝╧ё1 (1014).jpg,1,0,0
101_╒╘╨┬┤┤20190827001F_03L.jpg,1,0,0
102_╤█╡╫═╝╧ё1 (2193).jpg,1,0,0
103_╨д╕╒20180809000F_04L.jpg,1,0,0
P072418os.jpg,0,0,1
110_╦я║ъ╬░20201117009F_02L.jpg,1,0,0
101_╕▀║г┴с20200526007F_02L.jpg,0,0,1
101_║┬╟╔╖я20190226002F_01R.jpg,0,1,0
102_╤█╡╫═╝╧ё1 (1052).jpg,1,0,0
101_═ї╜Ё╗и20180704003F_02R.jpg,0,1,1
101_│┬╙└╠╬20200517004F_02L.jpg,0,1,0
101_╓г┐№╚ч20190805000F_02L.jpg,0,1,0
105_│┬╚и├ў20190831001F_01R.jpg,0,0,1
101_╘м╠л│╨20201209000F_01R.jpg,1,0,0
101_└ю┐б╙в20190508003F_01R.jpg,0,1,1
102_╠х╝ь╓╨╨─ (1593).jpg,1,0,0
103_═ї╠ь└┌20170825006F_01L.jpg,1,0,0
104_hh20150330007F_02L.jpg,0,0,1
102_╠х╝ь╓╨╨─ (48).jpg,1,0,0
109_░№╓╨╟э20191127001F_04R.jpg,0,1,1
P072239os.jpg,0,1,0
101_╓▄╫╙║н20180711007F_01R.jpg,1,0,0
101_┴ї╠·╡й20200801016F_02L.jpg,0,1,0
104_╣∙├ў╨∙20161209009F_03L.jpg,1,0,0
101_└ю┤║╧у20200803008F_01R.jpg,0,1,0
102_╠х╝ь╓╨╨─ (1318).jpg,0,1,0
104_╜Ё╨╦╧▓20190328010F_01R.jpg,1,0,1
110_╨▄╖ч╔·20190827001F_04R.jpg,0,1,1
110_╤╒╖╔20200528001F_01R.jpg,1,0,0
101_╕▀╜Ё╓∙20190218000F_01R.jpg,0,0,1
101_╬т═Є└я20180412001F_02R.jpg,0,1,0
101_└ю╕╢╨╦20180309004F_03L.jpg,0,1,1
P080604od.jpg,0,1,1
103_└ю┴л╖╥20191112002F_02L.jpg,1,0,0
101_┴ї╣Ё╒ф20190810000F_01R.jpg,1,1,1
104_╨э╙╨└√20190212019F_01L.jpg,1,0,0
103_═Є╗и╞╜20171212001F_01L.jpg,0,1,1
101_└√╝к╞╜20180519000F_02L.jpg,0,1,0
101_╖о╬─┐н20190218001F_02R.jpg,0,1,0
102_╤█╡╫═╝╧ё1 (1270).jpg,1,0,0
109_▓╠═Є─ъ20201030005F_01L.jpg,0,1,1
103_═ї╛╒├├20171009001F_35R.jpg,0,0,1
104_╘└╣Ё╒ф20190326004F_03L.jpg,0,1,0
ELS16090128.jpg,0,1,0
101_│┬╓╬╙б20180409000F_03L.jpg,0,0,1
110_═ї╦ц╥х20201021005F_03L.jpg,1,0,0
107_└ю╨б╖╥20200908003F_01R.jpg,1,0,0
110_╩й╒¤╙ё20200408003F_01L.jpg,1,0,0
101_╨э╣·╕ж20190106003F_03L.jpg,0,1,0
101_╣∙║г╚║20180926001F_01L.jpg,0,1,0
101_┬э╓╛╒ф20180110000F_02L.jpg,0,0,1
101_│┬╓╬╙б20180409000F_02R.jpg,0,1,1
101_╤ю═Є╕г20200801034F_01R.jpg,0,1,0
109_│┬║г╬─20200827007F_01R.jpg,1,0,0
2021_ 1_10_14_ 3_25_924_@#$27OS.jpg,0,1,0
107_╜Ё├╖╗к20200410001F_01R.jpg,0,1,0
102_╤█╡╫═╝╧ё1 (2394).jpg,1,0,0
101_┼с┬·20200519042F_01R.jpg,0,0,1
105_│┬╙ё└╝20200507004F_02L.jpg,1,0,0
108_║·╛▓╛▓20200818008F_02L.jpg,1,1,0
108_║╬╚╩╗╢20201008004F_01L.jpg,0,1,0
110_┬▐┴в╕┘20200921001F_03R.jpg,0,1,1
101_┴ї╤х╬░20191120000F_01L.jpg,1,0,0
101_╒╘╩щ╒┬20190821001F_01R.jpg,0,1,1
101_░╫┐┬╟┐20200528000F_01L.jpg,0,1,1
101_╜п╕─╗└20190828000F_03L.jpg,0,1,1
101_└ю╓╬░▓20190227000F_01R.jpg,0,1,1
107_╜Ё╕▀╖х20201015002F_09L.jpg,1,0,0
102_╠х╝ь╓╨╨─ (1575).jpg,1,0,1
104_╟о╜Ё╗к20190316017F_02R.jpg,0,1,1
108_╗╞╬─╦╪20201112003F_04L.jpg,1,0,0
101_╘└┴Ї╠╬20200910002F_01L.jpg,0,1,0
101_│■╟┌юь20180830000F_03L.jpg,0,1,0
101_╟о│м╛№20190222002F_01R.jpg,0,0,1
102_╤█╡╫═╝╧ё1 (625).jpg,1,0,0
102_╠х╝ь╓╨╨─ (527).jpg,1,0,0
101_│┬╬х╖х20200522023F_02R.jpg,0,0,1
101_╒┼╣·╤л20201126000F_03R.jpg,0,0,1
2020_12_21_ 9_55_33_337_@#$46OD.jpg,0,0,1
110_╧Є░о┴л20200818002F_01R.jpg,1,0,0
106_╕▀╘╞╖╔20190807004F_03L.jpg,1,1,0
101_╜п┴л╖ч20200521001F_01R.jpg,0,1,0
104_╖╢┤л╨┬20161207008F_02L.jpg,0,1,0
104_┬л╫┌▒ъ20190212021F_02L.jpg,1,0,0
101_╤ю║ь╜▄20180813002F_01R.jpg,0,1,0
105_│┬└Ў╟┘20200720003F_01L.jpg,1,0,0
101_╒┼╜Ё└╝20180118000F_01L.jpg,0,1,1
101_╓▄║ъ╬░20200803039F_01R.jpg,0,0,1
109_╔Є╖▓20200930006F_02L.jpg,0,1,1
101_▓╠┼р╒┬20180704002F_01R.jpg,0,1,1
102_╤█╡╫═╝╧ё1 (241).jpg,1,0,0
101_╢н░о╓ж20181104001F_03L.jpg,0,0,1
101_╒┼╙└20190505001F_02R.jpg,1,0,0
101_╬т═Є└я20180412001F_03L.jpg,0,1,0
101_┴ї╒¤├ё20180323003F_02L.jpg,0,1,0
101_│┬╣т╗╘20200516033F_02L.jpg,0,1,0
101_│╠╙к╓█20191018000F_01R.jpg,0,0,1
104_╖о┼Ї╚┘20171227003F_103L.jpg,0,1,0
104_╤ж│п╥°20190214009F_05L.jpg,0,1,1
102_╤█╡╫═╝╧ё1 (1787).jpg,1,0,0
103_═┐╓╨╤ы20170522001F_04L.jpg,1,0,0
103_└ю╗█20150725001F_08R.jpg,0,0,1
101_┬└╣·╖я20200516014F_02L.jpg,0,1,0
103_╬║▓╞╧▓20170523001F_01L.jpg,1,0,1
102_╤█╡╫═╝╧ё1 (579).jpg,1,0,0
101_╖ы│п╦╔20200325002F_01R.jpg,1,0,0
102_╤█╡╫═╝╧ё1 (1862).jpg,1,0,0
105_│┬╙ё└╝20200507004F_01L.jpg,1,0,0
101_╟о╬─╧╫20200801041F_02R.jpg,0,1,0
101_╒┼╒ё╠╬20201210000F_02R.jpg,0,1,1
103_░╫╩ч╖╥20181114017F_01L.jpg,0,1,0
P072413os.jpg,0,1,0
101_╒┼╣╢╨┼20200520031F_01R.jpg,0,1,0
072106os.jpg,0,1,0
102_╤█╡╫═╝╧ё1 (1344).jpg,1,0,0
101_╓г░о├╖20200525051F_02L.jpg,0,1,1
101_╣∙║г╚║20180105001F_02L.jpg,0,1,0
103_╨▄╜Ё╫╚20180317001F_04R.jpg,0,1,1
110_┼э┐╔╧└20200909002F_02L.jpg,0,0,1
103_└ю╗█20150725001F_09R.jpg,0,0,1
110_╨ь╧цшы20191016003F_02L.jpg,0,0,1
102_╠х╝ь╓╨╨─ (1189).jpg,1,0,0
101_┴ї╩п▓─20180331002F_02L.jpg,0,0,1
104_║л╘є─╧20190320007F_02R.jpg,1,0,0
110_═ї┐╦20200423001F_04L.jpg,1,1,1
101_░╫╙ё╒ф20200111003F_01R.jpg,0,1,0
104_└ю┤║┴л20160311003F_08R.jpg,0,1,1
102_╤█╡╫═╝╧ё1 (1001).jpg,1,0,0
101_╒┼├╖╛╒20191215001F_02L.jpg,0,1,0
102_╠х╝ь╓╨╨─ (290).jpg,1,0,0
107_└ю╗█╙в20201103002F_01R.jpg,1,0,0
103_═Є┴╓20180415000F_02L.jpg,1,0,0
101_░╫╦╔│м20180108013F_02L.jpg,0,1,0
101_┼с╚║╔╜20190324001F_03L.jpg,1,0,0
103_█│├└║щ20170703005F_02L.jpg,0,0,1
104_╟╟╒╝╙к20171109001F_02L.jpg,0,1,0
102_╠х╝ь╓╨╨─ (1255).jpg,1,0,0
101_╓ь╜и╬░20191027000F_02L.jpg,0,0,1
102_╠х╝ь╓╨╨─ (408).jpg,1,0,0
101_╦╛┤║╖ц20180308003F_03L.jpg,0,0,1
109_▓╠└√╢ў20200729004F_01R.jpg,0,1,1
101_═ї╟╔20180409001F_02R.jpg,1,0,0
103_╬║╓╥╔╜20170926002F_02L.jpg,0,1,1
101_└ю20180526001F_01R.jpg,0,1,0
S073022Od.jpg,0,1,0
106_╣∙┴·╣т20200603003F_02L.jpg,0,1,1
107_╜Ё╘╞╣т20200630006F_03L.jpg,1,1,0
102_╤█╡╫═╝╧ё1 (510).jpg,1,0,0
101_═ї┤║╙в20180101003F_02L.jpg,0,1,1
101_╤ю╕─└╝20180706005F_02L.jpg,0,1,0
101_═ї╬░╟╒20180813013F_02L.jpg,0,0,1
101_╒┼╜и╣·20180302002F_03L.jpg,0,1,0
101_═ї┤║╙в20180106001F_01L.jpg,0,1,1
104_╨╗─■╧щ20190313008F_02R.jpg,0,1,1
101_╣∙╜и╒┬20180719001F_02L.jpg,0,1,1
101_║л╟╔╚┘20200521040F_01L.jpg,0,1,1
101_╓▄╠·┴╝20200522042F_02L.jpg,0,1,0
110_╨ь╧№╟я20201204001F_01R.jpg,1,0,0
102_╠х╝ь╓╨╨─ (1588).jpg,1,0,0
110_═ї╗╘20200318001F_04R.jpg,0,0,1
102_╤█╡╫═╝╧ё1 (852).jpg,1,0,0
101_╠√╦╔┴╓20200521057F_01R.jpg,0,0,1
107_└ю╨б╖╥20200908006F_02R.jpg,1,0,0
107_╜Ё╔┘╬в20200530001F_01R.jpg,0,0,1
101_╖о╕г╒╞20190415005F_03L.jpg,0,0,1
104_═ї┴л╗и20161209013F_03L.jpg,0,1,1
110_┬ж┴·╙╨20200806005F_02R.jpg,0,1,0
102_╠х╝ь╓╨╨─ (1426).jpg,1,0,0
110_╨ь╣·┴║20200116001F_01L.jpg,0,1,0
103_╨д╧╕╔·20150805005F_02R.jpg,0,0,1
101_╙┌╣Ё╗и20180305000F_02R.jpg,1,0,0
101_╟о╨у┴с20181225006F_02R.jpg,0,1,1
101_╓ь╚ж20181030004F_01R.jpg,0,1,0
110_╬╠╣·┴·20200916010F_04L.jpg,0,1,1
104_│Ў╤к  ║┬╖я╩ч.jpg,0,0,1
105_│┬╬─▓й20191206002F_02L.jpg,1,0,0
104_╩й├└║ь20190330004F_01R.jpg,0,1,1
101_╟╟╛№20190707000F_04L.jpg,0,0,1
102_╤█╡╫═╝╧ё1 (566).jpg,1,0,0
103_═ї╦о╔·20170215003F_01R.jpg,0,1,1
101_│■╙ё╢Ё20200703002F_07L.jpg,0,1,1
101_║┬╟╔╖я20200520021F_01R.jpg,0,1,0
107_┴╓╘╞└╝20200924004F_02R.jpg,0,0,1
101_└ю║╧╚║20180417003F_01R.jpg,1,0,0
101_│┬╜Ё╔╜20180419007F_01L.jpg,1,1,1
101_│╠╧▓╚ж20191019001F_03L.jpg,0,0,1
101_┴ї▓╙╬░20201216001F_01L.jpg,1,1,1
104_╒┼╬─╜▄20190218002F_01R.jpg,1,0,0
101_╤ю╬ў▓╙20200526056F_05L.jpg,0,0,1
104_═ї┴л╗и20161209013F_02L.jpg,0,1,1
102_╠х╝ь╓╨╨─ (1231).jpg,1,0,0
101_└ю╓╬░▓20190227000F_02L.jpg,0,1,1
104_╣и╕╗╜б20190221005F_02R.jpg,0,1,1
102_╤█╡╫═╝╧ё1 (1083).jpg,1,0,0
110_┼╦╛з╛з20201209001F_01L.jpg,1,0,0
103_╨д╦о╗и20180415001F_02L.jpg,0,0,1
102_╤█╡╫═╝╧ё1 (1244).jpg,1,0,0
101_┴ї╕─╚┘20180403013F_04L.jpg,0,1,0
104_═ї╬к╦│20190316003F_02R.jpg,0,0,1
110_╨ь╘┬╗к20191107008F_08R.jpg,0,1,0
101_╓ь└Ў╗к20180907004F_01L.jpg,0,0,1
101_└ю═Є┤║20200514000F_03R.jpg,0,1,1
101_└ю░о20190114004F_01R.jpg,0,1,0
101_╬т╣·┴┴20200515012F_01R.jpg,0,1,1
101_═ї╬░╟╒20200727005F_01L.jpg,0,1,1
110_┼╦╢м├╖20201225004F_03R.jpg,1,0,0
102_╤█╡╫═╝╧ё1 (485).jpg,1,0,0
101_╣м╥°═г20180127003F_02L.jpg,0,1,1
104_╒╘╓╛▒°20190117002F_07R.jpg,1,0,0
104_╤ж│п╥°20190214009F_04R.jpg,0,0,1
101_┬э╜▄╔·20200820002F_02R.jpg,1,0,0
110_═ї╧╘┴╝20201205001F_02L.jpg,0,0,1
104_╕Ё╖я╧╝20160317008F_04L.jpg,0,1,0
102_╠х╝ь╓╨╨─ (475).jpg,1,0,0
104_╕▀╬м╠╬20190311002F_05R.jpg,0,1,0
101_╒┼╓╛╥╡20180316004F_01R.jpg,1,0,0
104_═ї╖╔20190108002F_03R.jpg,0,1,0
107_└ю┤є║├20190710004F_02L.jpg,1,0,0
101_╤ю╖в┴╓20201107004F_08L.jpg,1,0,0
107_└ю╫╙║╜20200812008F_01R.jpg,1,0,0
101_╗╞▓╩╖╝20200608000F_02L.jpg,0,0,1
110_═ї╝╤└Ў20200922001F_02R.jpg,1,0,0
101_╖ы╧у╖╥20190416000F_01L.jpg,1,0,0
101_└ю│м╧╝20190402002F_01R.jpg,0,1,1
110_═ї╒▄╜о20191226002F_01R.jpg,0,1,1
101_└ю║ь╒┘20201125004F_02L.jpg,0,1,1
104_╔╨╜▄╬└20161229001F_06L.jpg,0,1,1
102_╠х╝ь╓╨╨─ (1118).jpg,1,0,0
101_╚╬╣Ё╗и20200525035F_01R.jpg,0,1,0
102_╤█╡╫═╝╧ё1 (2195).jpg,1,0,0
101_╒╘╜Ё╢и20200702005F_04L.jpg,0,0,1
110_═ї╩└┤я20191211002F_01L.jpg,1,0,0
101_└ю┬є╚ж20180120002F_01R.jpg,0,1,1
104_═ї┴в═·20190222003F_01R.jpg,0,1,1
101_╚╬╦ь╛╒20200513004F_01R.jpg,0,1,0
101_░╫╠·╔╜20200515004F_01R.jpg,1,0,0
106_╣╝╥╦║щ20200806002F_03L.jpg,0,1,0
101_╕▀╩щ╒ё20200522006F_01R.jpg,0,1,1
104_═ї╘┬╙в20190325007F_02R.jpg,0,0,1
101_╓г╙└╟┐20180406003F_01L.jpg,0,0,1
110_═ї╦ц╥х20201021005F_06L.jpg,1,0,0
101_┴║╨┬╜и20191203000F_02R.jpg,0,1,1
104_┬э╩д└√20190121007F_03R.jpg,0,1,1
101_░╫╠·╔╜20181018002F_02L.jpg,1,0,0
101_┬└╕г╙ё20190827002F_02L.jpg,0,0,1
103_╠╒╬·▄┐20180727003F_01R.jpg,1,0,0
102_╠х╝ь╓╨╨─ (55).jpg,1,0,0
102_╠х╝ь╓╨╨─ (1569).jpg,1,0,0
105_│┬═■20191019002F_02R.jpg,1,0,0
101_└ю╜и╢л20181031003F_02R.jpg,1,0,0
101_╣∙║г╚║20180926001F_02R.jpg,0,1,0
103_╨ь╕╩╛й20150804002F_02L.jpg,1,0,0
101_═ї╩└╜▄20200712004F_02R.jpg,0,1,1
101_╨ь╙└╞╜20180422004F_02L.jpg,0,0,1
101_┴ї╣·▓╙20180208005F_01R.jpg,0,1,1
101_╣∙╣·╧щ20200523024F_02R.jpg,0,0,1
101_╡╘╨у╖╝20200522016F_01L.jpg,0,1,0
105_│┬╙└╒ў20200728010F_01R.jpg,0,1,1
101_═ї╬─▓╙20180823002F_01L.jpg,0,1,1
101_╣∙╡├╟р20200607000F_07L.jpg,0,1,0
104_╖о┼Ї╚┘20171227003F_102R.jpg,0,1,0
108_║·╧╘╥л20190620007F_01L.jpg,1,0,0
101_у╞╕─╓н20180227005F_01L.jpg,1,0,0
102_╤█╡╫═╝╧ё1 (88).jpg,1,0,0
102_╤█╡╫═╝╧ё1 (440).jpg,1,0,0
102_╠х╝ь╓╨╨─ (1493).jpg,0,1,0
101_┬эцд20181001007F_03L.jpg,0,1,0
101_│┬│д┴╓20180306003F_02L.jpg,0,0,1
102_╤█╡╫═╝╧ё1 (444).jpg,1,0,0
101_└ю╗с├Ї20200417003F_02R.jpg,0,0,1
104_║л╣Ё╟я20160131000F_02L.jpg,0,1,1
102_╠х╝ь╓╨╨─ (1047).jpg,1,0,0
P081403os.jpg,0,1,0
104_╕Ё╖я╧╝20160317008F_02R.jpg,0,1,0
104_│┬╨╦╙ё20190317003F_01L.jpg,1,0,0
101_│┬╨б╗и20180521006F_02R.jpg,0,1,1
101_└ю├ў│м20180408003F_03L.jpg,0,0,1
110_╟╟╩е╜▌20200422005F_01R.jpg,1,0,0
102_╤█╡╫═╝╧ё1 (1399).jpg,1,0,0
101_╨ь┤║╖ч20190714002F_02L.jpg,1,1,0
103_└ю┴·╟┐20170801002F_04L.jpg,1,0,0
101_┴║┼р╘░20190816001F_01L.jpg,0,1,1
102_╤█╡╫═╝╧ё1 (1162).jpg,1,0,0
103_═Є╗и╞╜20170918001F_25L.jpg,0,0,1
102_╠х╝ь╓╨╨─ (1091).jpg,1,0,0
107_└ю╥°┴°20200923003F_01L.jpg,1,0,0
104_╬т╝с├ў20170720003F_04R.jpg,0,0,1
101_╜·╗и20180711010F_01L.jpg,0,1,0
103_╬т╣·╧Є20170814005F_01L.jpg,0,0,1
101_═ї║ш╧■20200519048F_02L.jpg,0,1,1
101_╙р║г┴┴20180227009F_01R.jpg,0,0,1
102_╤█╡╫═╝╧ё1 (571).jpg,1,0,0
101_═ї║ш╧■20200519048F_01R.jpg,0,1,1
103_╬т╚ъ║╞20180623001F_01R.jpg,1,0,0
102_╤█╡╫═╝╧ё1 (1636).jpg,1,0,0
101_╟о╨у┴с20181225006F_01L.jpg,0,1,1
101_═ї╙ё│╔20180323006F_03L.jpg,0,1,1
101_╒┼├╖╛╒20191215001F_01R.jpg,0,1,0
110_┼╦╬в╟я20200603001F_03R.jpg,1,0,0
101_╒┼╨у╞╝20180129005F_01R.jpg,0,1,0
101_╘м╧▓├╖20200624001F_02L.jpg,0,1,0
102_╠х╝ь╓╨╨─ (784).jpg,1,0,0
102_╠х╝ь╓╨╨─ (16).jpg,1,0,0
103_╬т╧■ц├20180708006F_03L.jpg,1,0,0
110_╩й╣·║·20201208012F_01R.jpg,1,0,0
104_║·╣у┴╓20190214003F_04R.jpg,0,1,0
104_╫є╗к╬░20190215003F_04L.jpg,1,0,0
110_╦я╙ё╦╔20200909004F_03L.jpg,0,0,1
110_┴їЎйЎй20200717012F_01L.jpg,1,0,0
101_╓ь╦╔═д20180304001F_01R.jpg,0,0,1
103_╨▄╟┐╘╞20171228000F_02R.jpg,1,0,0
101_╒╘╠·╖х20200516001F_02L.jpg,0,0,1
101_╘м├╖╚┘20181031000F_01R.jpg,1,0,0
101_╒┼╦╔╖ц20200908003F_03R.jpg,0,0,1
101_╢б┬·│╪20200802010F_01R.jpg,0,0,1
101_╓г╦л╗│20190527000F_02L.jpg,0,0,1
110_┬└╨у║═20210106005F_03R.jpg,0,1,1
107_└ю╗█╙в20201103002F_02L.jpg,1,0,0
102_╤█╡╫═╝╧ё1 (1477).jpg,1,0,0
102_╤█╡╫═╝╧ё1 (1078).jpg,1,0,0
108_╜п│╔╨в20200917003F_01L.jpg,0,0,1
101_╔г╢л╨ё20180104000F_02L.jpg,0,0,1
103_═ї╓╛╛¤20150721002F_02L.jpg,1,0,0
104_║·╖в╜°20190220004F_01R.jpg,0,1,0
101_╗╞╗└├╖20190720000F_01R.jpg,0,1,1
101_╒┼╨у╛╒20200517006F_04L.jpg,0,1,1
101_╒┼║ь▒Є20200516009F_02L.jpg,1,0,0
103_╨▄╜и╗╘20160629002F_01R.jpg,0,1,1
106_╖╜╨Є╤р20200708007F_14L.jpg,1,0,0
101_╒╘▓╩║ь20180807003F_01R.jpg,0,1,0
103_═Є╨╟╨╟20170508000F_02R.jpg,1,0,0
105_│┬╜ї╗к20201118010F_02R.jpg,1,0,0
101_╓гё°╛■20181007001F_01L.jpg,0,1,1
107_└ю╓╟╧щ20201008006F_01L.jpg,1,0,0
101_╣╚╦ь╚║20190510000F_01L.jpg,0,0,1
102_╤█╡╫═╝╧ё1 (491).jpg,1,0,0
102_╤█╡╫═╝╧ё1 (1426).jpg,1,0,0
101_╡╘╨у╖╝20190613000F_02L.jpg,0,1,0
101_╣∙╣·╧щ20200523024F_03L.jpg,0,0,1
